65:8916,10005,12343,12194,12195,12196,12197,12198,12199,8810,8799,13071,11824,4640,4624,9102,9992,9036,8918,12488,11189,8965,8855,12757,12745,13092,4622,4623,4625,4626
66:11735,8799,8801,8809,7727,12492,8793,12490,8796,11185,12485,4622,4623,4624,4625,4626,4627,4628,4629,4630,4631,4632,4634,4635,4636,4637,4638,4639,4640,4641
79:4622,4623,4624,4625,4626,4627,4628,4629,4630,4631,4632,4634,4635,4636,4637,4638,4639,4640,4641,4642,4643,5022,5023,5024,5027,5028,5029,5031,5033,5034
98:9541,8811,9542,9544,9497,8813,8782,11425,8785,8797,13047,8783,12628,12862,12627,9090,9083,13118,13048,9551,8838,9094,8836,8839,9035,11211,13114,11188,12863,11193
410:7508,11268,11269,11212,11145,13167,11437,11270,9986,12478,11215,7526,7329,7330,9029,8845,13170,11356,11277,12636,8920,5022,5023,7164,12853,5024,7166,12856,13131,7163
445:13013,11352,11191,13100,11145,9537,13010,11185,9035,11183,13047,8801,9022,11359,12620,12622,12626,11269,9549,11213,8789,11196,11277,12303,12749,12750,11208,8962,12339,12634
17:5033,8990,8845,8789,10111,12620,12492,8796,11210,12350,8788,4622,4623,4624,4625,4626,4627,4628,4629,4630,4631,4632,4634,4635,4636,4637,4638,4639,4640,4641
487:9985,12862,10108,9824,9553,10117,13132,13028,8965,11188,12863,12294,12864,9988,12726,8842,9987,4622,4623,4624,4625,4626,4627,4628,4629,4630,4631,4632,4634,4635
17:5033,8990,8845,8789,10111,12620,12492,8796,11210,12350,8788,4622,4623,4624,4625,4626,4627,4628,4629,4630,4631,4632,4634,4635,4636,4637,4638,4639,4640,4641
519:13170,12622,8833,12625,7307,12351,9099,13025,12296,8852,13013,8840,13052,9581,13058,8846,13056,9028,11152,11281,13096,11150,8841,11360,11284,12621,13057,13009,12620,13043
17:5033,8990,8845,8789,10111,12620,12492,8796,11210,12350,8788,4622,4623,4624,4625,4626,4627,4628,4629,4630,4631,4632,4634,4635,4636,4637,4638,4639,4640,4641
539:8841,9096,13087,13013,12622,9087,8846,13170,11150,12620,12621,9581,10118,11152,12351,8833,12625,12296,11270,12618,13167,11210,13040,8990,11284,13133,8850,8844,11149,13139
17:5033,8990,8845,8789,10111,12620,12492,8796,11210,12350,8788,4622,4623,4624,4625,4626,4627,4628,4629,4630,4631,4632,4634,4635,4636,4637,4638,4639,4640,4641
544:8852,13052,9095,13013,8840,10113,13048,12351,8844,8963,13058,13056,8847,13096,13025,8837,13057,13009,12624,13043,12635,13054,9025,13022,13029,11213,13092,11215,12623,13035
563:12618,13167,12620,12622,11213,11150,8844,13171,11180,12623,12631,12621,12633,11145,9541,9103,9315,13138,8883,8837,12351,9095,11359,11280,12619,12624,9825,12626,12635,11269
17:5033,8990,8845,8789,10111,12620,12492,8796,11210,12350,8788,4622,4623,4624,4625,4626,4627,4628,4629,4630,4631,4632,4634,4635,4636,4637,4638,4639,4640,4641
588:11269,7172,12294,12345,12342,11268,4640,11212,11213,12861,11270,10784,4622,4623,4624,4625,4626,4627,4628,4629,4630,4631,4632,4634,4635,4636,4637,4638,4639,4641
590:13042,11148,13015,13090,13048,13080,13104,13017,9021,11185,4622,4623,4624,4625,4626,4627,4628,4629,4630,4631,4632,4634,4635,4636,4637,4638,4639,4640,4641,4642
600:11353,4622,4623,4624,4625,4626,4627,4628,4629,4630,4631,4632,4634,4635,4636,4637,4638,4639,4640,4641,4642,4643,5022,5023,5024,5027,5028,5029,5031,5033
632:13170,12622,12624,11198,8833,12625,11442,12296,11214,8787,13114,9581,12343,8846,11152,11281,11150,8855,8841,9020,11360,11284,12621,12620,13072,12351,11270,11210,13040,8990
676:8832,4622,4623,4624,4625,4626,4627,4628,4629,4630,4631,4632,4634,4635,4636,4637,4638,4639,4640,4641,4642,4643,5022,5023,5024,5027,5028,5029,5031,5033
17:5033,8990,8845,8789,10111,12620,12492,8796,11210,12350,8788,4622,4623,4624,4625,4626,4627,4628,4629,4630,4631,4632,4634,4635,4636,4637,4638,4639,4640,4641
686:10116,12619,10113,9099,12623,12871,13025,9586,13071,11280,12631,12621,12618,12633,5027,9511,12620,11874,12622,9510,11179,8990,9505,9504,13114,12868,4622,4623,4624,4625
694:9330,13131,13167,12478,12852,12861,13170,11193,9328,8920,5022,5023,7164,12853,9091,5024,9314,7166,12856,7163,11412,10783,9989,7172,7160,4622,4623,4624,4625,4626
704:12620,8846,12290,11150,9088,8394,8845,8851,11441,11427,8789,10111,8843,12492,11443,11428,9510,9092,13064,9097,8796,11426,11210,9317,12350,8788,9096,12618,13167,11284
705:12630,12343,12622,13170,9581,8846,11152,11150,8794,8841,8833,12625,12621,12620,12351,12296,11270,11210,13040,8990,4622,4623,4624,4625,4626,4627,4628,4629,4630,4631
713:13171,9103,13013,12620,9315,12618,13167,11151,12856,11274,8846,12636,8845,8837,11150,12860,8851,11180,12631,12621,8789,10111,12633,13136,9541,10788,8835,13138,12622,10112
714:13136,8898,12301,9580,8840,8852,9086,12351,11145,10116,8835,10112,10111,13061,9586,9096,12618,9826,13167,13019,10106,12297,9094,12620,11284,12304,9534,9033,9104,13133
723:12200,12201,12378,12379,12380,11180,11179,10116,10113,9586,13071,11280,9319,11183,11193,8990,4622,4623,4624,4625,4626,4627,4628,4629,4630,4631,4632,4634,4635,4636
732:9542,11192,9035,7513,11195,11354,11194,12345,8393,11358,9100,10097,10106,11212,13037,12347,11181,8421,13045,11197,13043,11207,12303,4622,4623,4624,4625,4626,4627,4628
744:13020,13090,13024,13042,11148,13044,13015,13102,13096,13048,8845,13023,13009,13080,13013,12625,13104,13010,13022,8837,13029,13017,9095,9021,12624,8844,11185,12635,8852,9102
751:13092,8850,11352,8852,11360,11319,9548,13102,13013,11359,13018,8840,13052,13101,13058,13056,11187,13096,12351,13057,11183,13009,9026,13043,13029,13035,4622,4623,4624,4625
752:13013,11319,11352,8852,11360,8840,13102,13018,12351,13052,13101,13058,13056,13096,12736,13057,13009,13043,13029,13092,13035,9096,12618,13167,12620,11284,13133,8850,8844,11149
17:5033,8990,8845,8789,10111,12620,12492,8796,11210,12350,8788,4622,4623,4624,4625,4626,4627,4628,4629,4630,4631,4632,4634,4635,4636,4637,4638,4639,4640,4641
788:12628,10108,10115,10107,10116,9084,10111,10114,9031,12862,12627,9090,9083,13118,13048,9551,8838,9094,8836,8839,9035,11211,13114,9544,11188,12863,11193,12864,10790,12340
795:8847,13091,13044,13022,13020,10113,13102,13096,13048,13024,7167,13052,8963,13023,13009,13025,13010,9318,13029,9095,13054,9096,12618,13167,12620,11284,13133,8850,8844,11149
812:8837,9095,11213,12622,11194,13170,11197,11276,9581,8846,11152,11150,8841,8833,12625,12621,12624,8844,12620,12635,8852,12351,12296,11215,11270,12632,11356,11210,13040,9025
832:8837,12618,13167,8834,9095,11213,11194,11276,11197,12620,11150,8844,13171,11180,12623,12631,12621,12633,9541,9103,9315,13138,12622,8883,12351,11280,12619,12624,9825,12635
17:5033,8990,8845,8789,10111,12620,12492,8796,11210,12350,8788,4622,4623,4624,4625,4626,4627,4628,4629,4630,4631,4632,4634,4635,4636,4637,4638,4639,4640,4641
854:12493,13135,11281,13139,11150,8848,9090,12491,9097,9092,13098,13095,13087,11179,9026,4622,4623,4624,4625,4626,4627,4628,4629,4630,4631,4632,4634,4635,4636,4637
861:11281,8846,13030,13087,8776,8842,9548,9989,9996,11187,11319,11213,13011,12440,9534,9031,9096,12618,13039,13054,13167,11143,11337,12620,13106,9036,11284,13133,8850,8844
17:5033,8990,8845,8789,10111,12620,12492,8796,11210,12350,8788,4622,4623,4624,4625,4626,4627,4628,4629,4630,4631,4632,4634,4635,4636,4637,4638,4639,4640,4641
876:11446,9104,7519,7510,11272,7518,9092,13038,9086,9088,13132,4634,8985,11358,9093,8778,8812,13091,4629,9992,11191,8792,10110,4642,7329,12750,8796,12751,9022,11188
885:11213,11269,12298,12294,13101,13048,12345,12342,10113,11268,13052,8963,11205,8847,11145,12350,4640,13025,11212,9027,9317,11359,12620,12861,12756,9095,12622,12349,12628,12626
886:13129,13135,9542,11145,11351,9030,13078,9538,12634,11354,11359,12620,12622,12626,11269,11213,12349,12303,11208,11207,4622,4623,4624,4625,4626,4627,4628,4629,4630,4631
927:9986,8845,11268,11269,11212,8989,11270,8959,8928,8961,4622,4623,4624,4625,4626,4627,4628,4629,4630,4631,4632,4634,4635,4636,4637,4638,4639,4640,4641,4642
937:13133,9088,7514,11279,7310,8853,8845,7309,13013,12625,11273,8903,13090,13020,9102,13091,9553,4622,4623,4624,4625,4626,4627,4628,4629,4630,4631,4632,4634,4635
17:5033,8990,8845,8789,10111,12620,12492,8796,11210,12350,8788,4622,4623,4624,4625,4626,4627,4628,4629,4630,4631,4632,4634,4635,4636,4637,4638,4639,4640,4641
948:8837,9095,11213,12622,11194,13170,11197,11276,9581,8846,11152,11150,8841,8833,12625,12621,12624,8844,12620,12635,8852,12351,12296,11215,11270,12632,11356,11210,13040,9025
954:8833,8848,10107,11275,9089,9090,11272,10106,9316,10786,9510,7520,7512,8891,11273,4622,4623,4624,4625,4626,4627,4628,4629,4630,4631,4632,4634,4635,4636,4637
987:9554,11319,11148,13042,13100,13044,11196,13037,13079,13074,13038,12858,12340,9549,4622,4623,4624,4625,4626,4627,4628,4629,4630,4631,4632,4634,4635,4636,4637,4638
1005:12619,13167,12623,12871,12478,13170,12631,12621,8782,12618,12633,8960,5027,8920,9511,5022,5023,12620,11874,7164,12622,9510,12629,12853,9505,5024,9504,7166,12856,13131
1018:9330,12301,8849,13053,11193,13018,9328,9580,8852,9086,11145,10116,8835,10112,8840,10111,13061,9586,9826,12351,13019,10106,12297,9094,12304,9534,9033,9104,11208,12483
1034:8837,9095,11213,11194,11197,11276,13135,13078,12634,12624,8844,12635,8852,11215,12632,11356,9025,13024,9029,12492,8791,8839,13038,12623,8787,9027,11354,8783,12345,12342
1076:10115,10107,10116,10111,10114,9031,13132,8965,12294,12726,8842,9987,4622,4623,4624,4625,4626,4627,4628,4629,4630,4631,4632,4634,4635,4636,4637,4638,4639,4640
17:5033,8990,8845,8789,10111,12620,12492,8796,11210,12350,8788,4622,4623,4624,4625,4626,4627,4628,4629,4630,4631,4632,4634,4635,4636,4637,4638,4639,4640,4641
1100:11269,9986,13129,8845,11268,9542,11145,11351,9030,9538,11354,11212,11359,12620,12622,12626,8989,11270,11213,8959,8928,8961,12349,12303,11208,11207,4622,4623,4624,4625
1101:7501,12622,13080,13170,8847,8854,9581,8846,11280,11152,11150,8841,8833,12625,12621,9031,13114,12620,12351,12296,9325,11270,11210,13040,8990,4622,4623,4624,4625,4626
1116:13037,11268,13042,11269,11212,13044,11270,13039,9986,8817,11188,8845,13038,9549,8989,12294,8959,12345,12342,8928,8961,4622,4623,4624,4625,4626,4627,4628,4629,4630
1126:9324,8780,9580,8852,9086,12301,11145,10116,8835,10112,8840,10111,13061,9586,9826,12351,13019,10106,12297,9094,12304,9534,9033,9104,11208,12483,13062,12350,4622,4623
1132:8846,12290,11150,9088,12620,8394,8851,9098,11441,11352,11427,8843,11443,11428,9510,12490,9092,13064,9097,9672,11426,9317,9096,12618,13167,11284,13133,8850,8844,11149
1139:8841,9096,13087,13013,12622,9087,8846,13170,11150,12620,12621,9581,10118,11152,12351,8833,12625,12296,11270,12618,13167,11210,13040,8990,11284,13133,8850,8844,11149,13139
1151:11145,11359,12620,12622,12626,11269,11213,12303,11208,11207,4622,4623,4624,4625,4626,4627,4628,4629,4630,4631,4632,4634,4635,4636,4637,4638,4639,4640,4641,4642
1166:4622,4623,4624,4625,4626,4627,4628,4629,4630,4631,4632,4634,4635,4636,4637,4638,4639,4640,4641,4642,4643,5022,5023,5024,5027,5028,5029,5031,5033,5034
1172:12301,9580,9094,8840,8852,9086,12628,12351,12862,11145,10116,12627,8835,13048,10112,9090,10111,9083,13061,9586,11211,13118,9096,12618,9826,13167,13019,10106,12297,12620
1197:13090,13013,13057,13009,13019,13018,13042,11148,8852,11150,12870,13015,8847,8840,13048,13052,13093,13058,8845,13056,9089,11213,13080,13096,12351,12625,13104,9091,11270,13017
1199:13167,13042,11148,13044,12478,13170,13015,13020,13102,13096,13024,13090,13048,8920,13023,5022,5023,13009,7164,13080,12853,13104,13010,13022,5024,13029,13017,7166,12856,9021
1224:12622,11150,12618,7514,13167,12621,12620,12351,7505,8846,13170,8841,13171,11180,12631,9581,12633,9541,9103,11152,9315,8833,12625,13138,12349,8883,11280,12619,9825,11211
1265:11149,8846,12290,11150,9088,12620,8394,8851,9540,11441,12636,11427,8843,8790,11443,11428,9510,9092,13064,9097,11426,9317,9096,12618,13167,11284,13133,8850,8844,13139
1277:11284,9082,4622,4623,4624,4625,4626,4627,4628,4629,4630,4631,4632,4634,4635,4636,4637,4638,4639,4640,4641,4642,4643,5022,5023,5024,5027,5028,5029,5031
1284:8846,13030,9989,9996,9096,12618,13167,12620,11284,13133,8850,8844,11149,13139,12301,12290,11150,13013,11271,11144,9088,13171,11180,8841,8849,11151,13134,11275,12631,12621
1285:8898,9580,8852,9086,12301,11145,10116,8835,10112,8840,10111,13061,9586,9826,12351,13019,10106,12297,9094,12304,9534,9033,9104,11208,12483,13062,12350,4622,4623,4624
1288:13167,8846,12290,11150,12478,9088,12620,8394,8851,13170,11441,11427,8920,5022,5023,8843,7164,12853,11443,11428,9510,5024,9092,13064,9097,7166,12856,13131,7163,11426
17:5033,8990,8845,8789,10111,12620,12492,8796,11210,12350,8788,4622,4623,4624,4625,4626,4627,4628,4629,4630,4631,4632,4634,4635,4636,4637,4638,4639,4640,4641
1304:9103,9315,13171,12618,13167,10115,11151,7161,12856,11274,12351,9091,12620,11150,12860,11180,12631,12621,12301,12633,9541,9580,13138,12622,8840,8883,8852,9086,11280,12619
1316:12618,13167,8846,8837,12620,11150,8851,13171,11180,12631,12621,12633,13136,9541,9103,10788,8835,9315,13138,12622,10112,8883,12351,11280,12619,9825,9092,9826,11211,12623
1327:9315,12618,13167,12488,8891,12620,11150,13171,11180,12631,12621,12633,9541,9103,13138,12622,8883,12351,11280,12619,9825,11211,12623,12984,11185,11183,9096,11284,9089,13133
17:5033,8990,8845,8789,10111,12620,12492,8796,11210,12350,8788,4622,4623,4624,4625,4626,4627,4628,4629,4630,4631,4632,4634,4635,4636,4637,4638,4639,4640,4641
1341:12302,9104,8837,9095,12624,8844,12635,8852,11215,12632,11356,9025,13024,9029,12492,8791,11213,8839,13038,12623,8787,9027,11354,8783,11194,11197,12345,12342,11276,8842
1346:9324,8780,9580,8852,9086,12301,11145,10116,8835,10112,8840,10111,13061,9586,9826,12351,13019,10106,12297,9094,12304,9534,9033,9104,11208,12483,13062,12350,4622,4623
1358:8780,9580,8852,9086,12301,11145,10116,8835,10112,8840,10111,13061,9586,9826,12351,13019,10106,12297,9094,12304,9534,9033,9104,11208,12483,13062,12350,4622,4623,4624
1389:9096,8846,13030,13013,9989,9996,10118,13132,12618,8965,13167,12620,12294,11284,12726,8842,9987,13133,8850,8844,11149,13139,12301,12290,11150,11271,11144,9088,13171,11180
1408:8967,11414,11144,11145,11274,11278,8834,11359,11277,12620,12622,12626,11269,13078,11213,12634,11192,9022,12303,11208,11207,4622,4623,4624,4625,4626,4627,4628,4629,4630
1459:13062,13170,13052,9579,13096,11284,13091,12622,8833,12625,13025,11281,13020,9551,11360,13072,10785,12754,12304,12296,11181,9020,8786,9096,12618,13167,12620,13133,8850,8844
1472:13170,10117,13100,13167,9097,12622,12478,8836,13072,9581,8846,8920,5022,5023,7164,11152,12853,11150,8841,8833,12625,12621,5024,7166,12856,13131,12620,7163,12351,12296
1474:8810,7508,8847,7328,11417,11824,10005,11358,9100,9102,13037,8855,13045,13043,12303,4622,4623,4624,4625,4626,4627,4628,4629,4630,4631,4632,4634,4635,4636,4637
1479:13170,12622,8833,12625,13167,12296,12478,9581,8846,8920,5022,5023,7164,11152,11281,12853,11150,8841,11360,11284,12621,5024,7166,12856,13131,12620,7163,13072,12351,11412
1481:12630,12343,7504,7307,11145,12622,11215,13170,11356,11277,9581,8846,11152,11150,8841,8833,12625,12621,12620,12351,12296,11270,11210,13040,8990,4622,4623,4624,4625,4626
1507:12871,13071,8854,10108,10113,10112,8847,10106,11276,8845,13017,13013,12625,8787,13090,13020,9102,13091,9553,4622,4623,4624,4625,4626,4627,4628,4629,4630,4631,4632
1514:8841,13087,12200,12201,12378,12379,12380,13132,8781,9087,9088,8387,8389,9086,8391,8386,8392,11193,8390,11179,8388,13091,11207,9093,8812,9096,12618,8965,13167,12620
1520:12345,11359,11179,8837,9095,11183,12624,8844,9026,12635,8852,11215,12632,11356,9025,13024,9029,12492,8791,11213,8839,13038,12623,8787,9027,11354,8783,11194,11197,12342
1521:12865,10112,8839,12758,9096,12618,13167,12620,11284,13133,8850,8844,11149,13139,8846,12301,12290,11150,13013,11271,11144,9088,13171,11180,8841,8849,11151,13134,11275,12631
1531:8845,9544,8789,10111,12620,12492,8796,11210,12350,8788,4622,4623,4624,4625,4626,4627,4628,4629,4630,4631,4632,4634,4635,4636,4637,4638,4639,4640,4641,4642
1533:8833,13170,8848,12622,12625,10107,12296,9089,9090,11272,9581,10786,8846,9510,7520,7512,11152,11281,11150,8841,11360,11284,12621,8891,12620,11273,13072,12351,11270,11210
1543:9542,11192,9035,11195,11354,11194,12345,10097,11212,9580,12347,11181,8852,9086,12301,11197,11145,10116,8835,10112,8840,10111,13061,9586,9826,12351,13019,10106,12297,9094
17:5033,8990,8845,8789,10111,12620,12492,8796,11210,12350,8788,4622,4623,4624,4625,4626,4627,4628,4629,4630,4631,4632,4634,4635,4636,4637,4638,4639,4640,4641
17:5033,8990,8845,8789,10111,12620,12492,8796,11210,12350,8788,4622,4623,4624,4625,4626,4627,4628,4629,4630,4631,4632,4634,4635,4636,4637,4638,4639,4640,4641
1557:9033,9580,8852,9086,12301,11145,10116,8835,10112,8840,10111,13061,9586,9826,12351,13019,10106,12297,9094,12304,9534,9104,11208,12483,13062,12350,4622,4623,4624,4625
1573:10115,8850,13092,4622,4623,4624,4625,4626,4627,4628,4629,4630,4631,4632,4634,4635,4636,4637,4638,4639,4640,4641,4642,4643,5022,5023,5024,5027,5028,5029
1579:10115,8850,13092,4622,4623,4624,4625,4626,4627,4628,4629,4630,4631,4632,4634,4635,4636,4637,4638,4639,4640,4641,4642,4643,5022,5023,5024,5027,5028,5029
1640:8924,8996,7504,9507,7307,9512,13032,8833,8848,9496,12723,9583,10786,9510,8896,9582,8916,8894,12742,9499,9498,8891,9089,11956,4622,4623,4624,4625,4626,4627
1661:9993,8900,11825,8394,8851,8846,12732,13034,12487,11441,12290,12719,11150,8782,8960,9088,11427,12727,8843,9031,13101,12629,12857,4634,12723,12620,8837,11443,12730,11428
1755:8924,9490,8845,8925,4622,4623,4624,4625,4626,4627,4628,4629,4630,4631,4632,4634,4635,4636,4637,4638,4639,4640,4641,4642,4643,5022,5023,5024,5027,5028
1767:9496,9994,5038,8921,12179,12180,12181,12182,12183,10792,8894,9037,9492,8985,8899,11940,8838,13014,12732,12755,9537,12861,12719,9989,9032,11270,9986,12863,12742,12864
1974:4622,4623,4624,4625,4626,4627,4628,4629,4630,4631,4632,4634,4635,4636,4637,4638,4639,4640,4641,4642,4643,5022,5023,5024,5027,5028,5029,5031,5033,5034
2021:4622,4623,4624,4625,4626,4627,4628,4629,4630,4631,4632,4634,4635,4636,4637,4638,4639,4640,4641,4642,4643,5022,5023,5024,5027,5028,5029,5031,5033,5034
2022:8852,13038,13086,11925,11872,13013,4623,12342,13040,4622,8840,4636,13052,4631,13058,13056,9985,13096,12351,4643,4642,8837,9095,4627,12485,13057,13009,12624,8844,13043
2024:4622,4623,4624,4625,4626,4627,4628,4629,4630,4631,4632,4634,4635,4636,4637,4638,4639,4640,4641,4642,4643,5022,5023,5024,5027,5028,5029,5031,5033,5034
2026:8852,13048,13019,13018,13024,9095,13022,13042,11148,13086,13044,12870,13015,13020,10113,13102,13096,13090,11213,13040,13052,8963,13023,11144,8847,11145,13009,13080,11274,11278
2027:8837,8852,9095,11213,11194,13013,11197,11276,8840,13052,13058,13056,9985,13096,12351,13057,13009,12624,8844,13043,12635,9553,13029,13028,13092,11215,13035,12632,11356,9025
2030:13167,12618,12478,13170,12620,11150,13171,11180,13065,12631,12621,12633,8920,5022,5023,9541,9103,7164,9985,12853,9315,13138,12622,8883,13069,12351,5024,7166,12856,11280
2032:4622,4623,4624,4625,4626,4627,4628,4629,4630,4631,4632,4634,4635,4636,4637,4638,4639,4640,4641,4642,4643,5022,5023,5024,5027,5028,5029,5031,5033,5034
2124:11360,13092,13170,8850,11352,8852,11925,11319,13102,11872,13013,13018,4623,4622,8833,12625,8840,4636,13052,13101,4631,13058,13056,11281,13096,12351,4643,4642,12622,11284
2177:12862,12871,9827,9982,12636,8984,12478,10115,12484,12479,12483,12482,12865,9507,9988,13015,9824,12860,13048,9992,13014,9990,12488,11188,12870,12868,4622,4623,4624,4625
2311:9992,9505,7331,10096,4622,4623,4624,4625,4626,4627,4628,4629,4630,4631,4632,4634,4635,4636,4637,4638,4639,4640,4641,4642,4643,5022,5023,5024,5027,5028
2421:7508,11196,11437,12438,7526,7329,7330,9029,11358,9100,13037,12342,12491,12340,13045,13043,11353,12303,8781,10010,9318,12758,4622,4623,4624,4625,4626,4627,4628,4629
2648:9983,12485,12179,12180,12181,12182,12183,9994,8985,13014,12732,12719,9989,9032,11270,9986,8894,12863,12742,12864,9037,4622,4623,4624,4625,4626,4627,4628,4629,4630
2665:12871,10108,10113,10112,8847,10106,13017,4622,4623,4624,4625,4626,4627,4628,4629,4630,4631,4632,4634,4635,4636,4637,4638,4639,4640,4641,4642,4643,5022,5023
2704:13170,8833,12625,11281,11360,12622,11284,12296,13072,4622,4623,4624,4625,4626,4627,4628,4629,4630,4631,4632,4634,4635,4636,4637,4638,4639,4640,4641,4642,4643
2706:12620,8845,12730,8789,10111,11337,12492,8796,11210,12350,8788,9096,12618,13167,11284,13133,8850,8844,11149,13139,8846,12301,12290,11150,13013,11271,11144,9088,13171,11180
2707:12635,11337,11213,12620,13038,8844,12888,12889,12890,12891,12892,12622,11145,8837,9095,11359,12624,10100,12626,11269,8852,9025,13009,13039,13010,11215,12623,10101,12632,10103
2710:13167,11149,12620,9540,12478,12636,13170,12622,11213,9096,12618,8920,5022,5023,11145,7164,12853,11284,8790,5024,7166,12856,11359,13131,13133,12626,11269,7163,8850,8844
2711:11149,11145,11359,12620,12622,12626,11269,11213,12303,11208,11207,4622,4623,4624,4625,4626,4627,4628,4629,4630,4631,4632,4634,4635,4636,4637,4638,4639,4640,4641
2716:13136,9096,12618,13167,12620,11284,13133,8850,8844,11149,13139,8846,12301,12290,11150,13013,11271,11144,9088,13171,11180,8841,8849,11151,13134,11275,12631,12621,11272,11278
2727:8841,13087,9094,10116,10113,9087,9586,13071,11280,11359,11183,11179,9026,8990,9096,12618,13167,12620,11284,13133,8850,8844,11149,13139,8846,12301,12290,11150,13013,11271
2740:8841,13087,9087,7169,12301,9580,8840,8852,9086,12351,11145,10116,8835,10112,10111,13061,9586,9096,12618,9826,13167,13019,10106,12297,9094,12620,12758,11284,12304,9534
2741:13136,9104,11273,11358,9100,13037,13045,13043,12303,4622,4623,4624,4625,4626,4627,4628,4629,4630,4631,4632,4634,4635,4636,4637,4638,4639,4640,4641,4642,4643
2745:11424,12485,9096,12618,13167,12620,11284,13133,8850,8844,11149,13139,8846,12301,12290,11150,13013,11271,11144,9088,13171,11180,8841,8849,11151,13134,11275,12631,12621,11272
2761:13167,12618,12478,13170,12620,11150,13171,11180,12631,12621,12633,8920,5022,5023,9541,9103,7164,12853,9315,13138,12622,8883,12351,5024,7166,12856,11280,12619,13131,9825
2773:11358,12753,4622,4623,4624,4625,4626,4627,4628,4629,4630,4631,4632,4634,4635,4636,4637,4638,4639,4640,4641,4642,4643,5022,5023,5024,5027,5028,5029,5031
2776:8899,7511,8989,8897,11357,10097,11807,12732,11818,12725,12720,12735,7304,12727,12484,9983,12723,12737,12730,12733,12731,12742,12736,12739,12726,12728,12721,12722,12738,8775
2780:9983,4622,4623,4624,4625,4626,4627,4628,4629,4630,4631,4632,4634,4635,4636,4637,4638,4639,4640,4641,4642,4643,5022,5023,5024,5027,5028,5029,5031,5033
2781:8845,13013,12625,13090,13020,9102,13091,9553,4622,4623,4624,4625,4626,4627,4628,4629,4630,4631,4632,4634,4635,4636,4637,4638,4639,4640,4641,4642,4643,5022
17:5033,8990,8845,8789,10111,12620,12492,8796,11210,12350,8788,4622,4623,4624,4625,4626,4627,4628,4629,4630,4631,4632,4634,4635,4636,4637,4638,4639,4640,4641
2798:8850,13167,12478,9548,13170,13092,8920,5022,5023,11187,7164,12853,5024,7166,12856,13131,7163,11412,10783,9989,7172,7160,4622,4623,4624,4625,4626,4627,4628,4629
2800:8849,12624,13076,11144,10113,8843,13083,13079,13071,13086,11280,11357,13105,11359,11360,12491,13020,13037,13102,13050,13024,13018,13023,11353,10791,9033,8853,8965,12727,9020
2807:8834,12620,8394,8851,8846,11441,12290,11150,9088,11427,11144,8843,11145,11274,11278,11443,11428,9510,9092,13064,9097,11359,11277,12622,12626,11269,13078,11426,13132,11213
17:5033,8990,8845,8789,10111,12620,12492,8796,11210,12350,8788,4622,4623,4624,4625,4626,4627,4628,4629,4630,4631,4632,4634,4635,4636,4637,4638,4639,4640,4641
2809:7169,12758,4622,4623,4624,4625,4626,4627,4628,4629,4630,4631,4632,4634,4635,4636,4637,4638,4639,4640,4641,4642,4643,5022,5023,5024,5027,5028,5029,5031
2812:12720,11818,8991,9031,8837,8958,10789,12738,8851,8846,9581,12725,5031,10788,8835,8919,10112,9994,8967,5038,5027,13136,5028,10786,9092,9826,7522,12297,11824,12759
17:5033,8990,8845,8789,10111,12620,12492,8796,11210,12350,8788,4622,4623,4624,4625,4626,4627,4628,4629,4630,4631,4632,4634,4635,4636,4637,4638,4639,4640,4641
2817:8851,9098,13167,9319,12478,13170,13092,8920,5022,5023,7164,12853,5024,7166,12856,13131,7163,11412,10783,9989,7172,7160,4622,4623,4624,4625,4626,4627,4628,4629
2818:9092,11272,8852,13013,9104,9090,8840,13052,13058,13056,13096,12351,13057,13098,13009,13095,13043,13029,13092,13035,9026,4622,4623,4624,4625,4626,4627,4628,4629,4630
2821:9025,9029,8852,9030,9032,9035,13013,9027,9021,9022,9090,8840,9036,13052,9038,9028,13058,9037,13056,9020,12725,13096,12351,12478,9092,13057,13098,13009,13095,13043
2823:8851,8846,13170,9092,11925,8394,11872,8837,4623,11441,12290,11150,4622,8833,12625,9088,4636,11427,4631,8843,11281,4643,10788,8835,4642,11360,12620,12622,10112,11284
2825:8836,9083,12628,12862,12627,13048,9090,11211,13118,9096,12618,13167,12620,11284,9551,8838,9094,8839,13133,9035,8850,8844,13114,11149,13139,8846,9544,11188,12863,11193
2826:13052,13090,10113,13057,9090,13009,8963,8847,9089,13048,9541,13025,9092,13098,9095,13095,13054,13022,11181,9033,9319,11188,9328,9026,8919,4622,4623,4624,4625,4626
2830:8849,12625,11418,11215,12624,11433,13076,9580,11144,10113,8843,13083,11352,13079,13071,11360,11319,13102,13018,13086,11280,13065,13101,10110,13023,13069,11270,8905,12725,4622
17:5033,8990,8845,8789,10111,12620,12492,8796,11210,12350,8788,4622,4623,4624,4625,4626,4627,4628,4629,4630,4631,4632,4634,4635,4636,4637,4638,4639,4640,4641
2892:11925,7501,8847,8854,11280,9031,13114,9325,4622,4623,4624,4625,4626,4627,4628,4629,4630,4631,4632,4634,4635,4636,4637,4638,4639,4640,4641,4642,4643,5022
2898:9104,11273,9086,13136,11359,9088,13132,9580,8852,11183,9026,12301,9093,11145,8812,13091,10116,8835,10112,8840,10111,13061,9586,9826,12351,13019,10106,12297,9094,12304
2903:12295,13071,8839,13092,13054,9104,11273,9328,13069,4622,4623,4624,4625,4626,4627,4628,4629,4630,4631,4632,4634,4635,4636,4637,4638,4639,4640,4641,4642,4643
2913:9092,11272,9086,9104,9090,9088,11144,13132,11274,11278,8834,13098,11277,13095,9093,13078,8812,13091,12634,11192,9022,9026,4622,4623,4624,4625,4626,4627,4628,4629
2934:12862,12871,9827,9982,9824,9985,9033,10115,8984,9988,12483,11188,12484,10108,12860,13048,12478,9580,9990,8852,9086,12301,9553,10117,11145,10116,12479,8835,13028,10112
2936:12620,12622,11145,11213,8801,11277,11359,12626,11269,8789,11196,12303,9096,12618,12749,13167,12750,11208,8962,12339,12634,12490,12347,11284,11207,12746,12757,11197,13133,12868
2942:9824,10106,9986,8845,12741,11825,8799,11268,8801,8809,11269,12491,11212,12861,10789,9825,7727,12628,8989,12862,11270,12627,11353,12492,8793,8959,8781,8928,8961,12490
2947:13052,7504,9579,7307,12622,9319,13096,12852,13170,13131,13092,9581,8846,8776,11152,11150,8841,9091,8833,12625,12621,12620,12351,12296,11270,11210,13040,8990,4622,4623
2949:12478,12493,12479,9090,12483,12482,9092,12489,13098,9824,13095,12487,12488,9026,12480,4622,4623,4624,4625,4626,4627,4628,4629,4630,4631,4632,4634,4635,4636,4637
2982:13048,8899,9994,8986,8809,11940,9510,8838,4626,12720,12755,9496,9537,9034,12754,12861,8894,11143,12486,9037,4622,4623,4624,4625,4627,4628,4629,4630,4631,4632
2983:12618,13167,9548,12620,11150,13171,11180,12631,12621,12633,9541,11187,9103,9315,13138,12622,8883,12351,11280,12619,9825,11211,12623,12984,11185,11183,9096,11284,9089,13133
3002:11357,7511,8845,10097,12732,11818,12725,12720,8789,10111,7304,12727,12620,13105,11359,11360,12723,12491,12492,12737,13020,13037,12730,13102,12733,12731,13050,13024,12742,13018
3032:11425,4622,4623,4624,4625,4626,4627,4628,4629,4630,4631,4632,4634,4635,4636,4637,4638,4639,4640,4641,4642,4643,5022,5023,5024,5027,5028,5029,5031,5033
3033:13009,13044,13042,11148,13048,13015,13020,13102,13096,13024,13090,13023,13080,11185,13104,13010,13022,13029,13017,9021,9096,12618,13167,12620,11284,13133,8850,8844,11149,13139
3042:11148,12619,12623,12871,11196,12631,12621,9022,12858,12618,12633,5027,9511,12620,11874,9020,12622,9510,12340,9505,9504,13114,12868,4622,4623,4624,4625,4626,4627,4628
3044:11925,12619,12623,12871,12631,12621,12618,12633,5027,9511,12620,11874,12622,9510,9505,9504,13114,12868,4622,4623,4624,4625,4626,4627,4628,4629,4630,4631,4632,4634
17:5033,8990,8845,8789,10111,12620,12492,8796,11210,12350,8788,4622,4623,4624,4625,4626,4627,4628,4629,4630,4631,4632,4634,4635,4636,4637,4638,4639,4640,4641
3048:13170,12622,8833,12625,13167,12296,12478,9581,8846,8920,5022,5023,7164,11152,11281,12853,11150,8841,11360,11284,12621,5024,7166,12856,13131,12620,7163,13072,12351,11412
3049:13170,12622,8833,12625,13167,12296,12478,9581,8846,8920,5022,5023,7164,11152,11281,12853,11150,8841,11360,11284,12621,5024,7166,12856,13131,12620,7163,13072,12351,11412
3060:11191,8837,11194,11360,12622,13078,13170,9330,11213,9095,9581,8846,11152,11150,11197,8841,8833,12625,11276,12621,12626,12304,12620,12484,12351,12296,9554,9544,11188,13010
17:5033,8990,8845,8789,10111,12620,12492,8796,11210,12350,8788,4622,4623,4624,4625,4626,4627,4628,4629,4630,4631,4632,4634,4635,4636,4637,4638,4639,4640,4641
17:5033,8990,8845,8789,10111,12620,12492,8796,11210,12350,8788,4622,4623,4624,4625,4626,4627,4628,4629,4630,4631,4632,4634,4635,4636,4637,4638,4639,4640,4641
3067:12620,8846,12290,11150,9088,8394,8845,8851,11441,11427,8789,10111,8843,12492,11443,11428,9510,9092,13064,9097,8796,11426,11210,9317,12350,8788,9096,12618,13167,11284
3068:9986,8845,12730,12636,11268,11269,11212,8989,11270,8959,8928,8961,4622,4623,4624,4625,4626,4627,4628,4629,4630,4631,4632,4634,4635,4636,4637,4638,4639,4640
3069:12493,13171,11151,8852,12856,11274,13013,9103,9315,12860,8840,13052,13067,13058,13056,13096,12351,13057,13009,13043,13029,13092,13035,4622,4623,4624,4625,4626,4627,4628
17:5033,8990,8845,8789,10111,12620,12492,8796,11210,12350,8788,4622,4623,4624,4625,4626,4627,4628,4629,4630,4631,4632,4634,4635,4636,4637,4638,4639,4640,4641
3078:13135,11281,9090,9092,13098,13095,9026,9096,12618,13167,12620,11284,13133,8850,8844,11149,13139,8846,12301,12290,11150,13013,11271,11144,9088,13171,11180,8841,8849,11151
3111:12630,12343,11152,11359,12622,11351,13170,9581,8846,11150,8841,8833,12625,12621,12620,12351,12296,11270,11210,13040,8990,4622,4623,4624,4625,4626,4627,4628,4629,4630
3113:8832,9027,9582,4622,4623,4624,4625,4626,4627,4628,4629,4630,4631,4632,4634,4635,4636,4637,4638,4639,4640,4641,4642,4643,5022,5023,5024,5027,5028,5029
3115:12872,8832,9991,10793,12746,4622,4623,4624,4625,4626,4627,4628,4629,4630,4631,4632,4634,4635,4636,4637,4638,4639,4640,4641,4642,4643,5022,5023,5024,5027
3124:11196,12340,8898,11195,12438,12339,11144,11274,11278,12342,8834,12491,11277,13078,11353,12634,11192,8781,10010,9022,9318,12758,4622,4623,4624,4625,4626,4627,4628,4629
3126:11197,11196,8837,9095,9534,11213,12438,8388,11194,12342,4642,11276,11802,10796,11205,9996,12349,12300,9024,12350,12488,12872,8801,12340,12624,8844,12635,8852,8789,10010
3138:12482,12862,13052,9579,7168,13096,13139,10112,9100,10108,11188,12863,13137,12864,9985,8787,9824,12628,10117,12627,9988,9090,9083,13118,13048,9551,8838,9094,8836,8839
3154:11445,9099,9094,8817,8394,8851,8846,7501,11441,12290,11150,8847,8854,9088,9020,11427,8843,11280,12620,9031,11443,11428,9510,9092,13064,9097,13114,11426,9325,9317
3158:9094,9090,12622,13170,9020,9581,8846,11152,11150,8841,8833,12625,12621,9092,13098,12628,13095,12620,12862,12627,12351,12296,9083,11270,13118,9026,11210,13040,8990,13048
3160:9088,13133,13132,8846,7514,12290,11150,12620,8394,8851,9086,11279,7310,9035,11441,11273,11427,8853,7309,8843,8903,13091,11443,11428,9510,9092,13064,9097,9093,11426
3161:11352,8852,13043,11360,11319,13102,13013,13018,9090,8840,11358,9100,13052,13101,13058,13056,13096,12351,13037,9092,9027,9317,13057,13098,12756,13009,13095,13045,12303,13029
3164:11356,11207,11435,13084,11439,8810,12342,13035,8801,8789,11196,11277,10026,12749,12750,8962,12339,12634,12490,12347,12746,12757,11197,12868,11099,4622,4623,4624,4625,4626
17:5033,8990,8845,8789,10111,12620,12492,8796,11210,12350,8788,4622,4623,4624,4625,4626,4627,4628,4629,4630,4631,4632,4634,4635,4636,4637,4638,4639,4640,4641
3203:8851,13025,9098,13080,9086,9088,13132,9093,8812,13091,4622,4623,4624,4625,4626,4627,4628,4629,4630,4631,4632,4634,4635,4636,4637,4638,4639,4640,4641,4642
3216:9096,13013,11277,11147,10118,12486,12340,9314,12618,13167,12620,11284,13133,8850,8844,11149,13139,8846,12301,12290,11150,11271,11144,9088,13171,11180,8841,8849,11151,13134
3226:9534,9580,9094,11208,8852,9086,12628,12301,12862,11145,11319,10116,12627,10791,8835,13011,10112,12440,11213,8840,8965,12727,9090,10111,9083,13061,9586,9031,13118,13043
3227:9330,8805,9319,9033,9323,11193,9328,4622,4623,4624,4625,4626,4627,4628,4629,4630,4631,4632,4634,4635,4636,4637,4638,4639,4640,4641,4642,4643,5022,5023
3228:9330,11193,9500,9328,8801,8789,11196,11277,12749,12750,8962,12339,12634,12490,12347,12746,12757,11197,12868,11099,4622,4623,4624,4625,4626,4627,4628,4629,4630,4631
3229:13013,11193,4622,4623,4624,4625,4626,4627,4628,4629,4630,4631,4632,4634,4635,4636,4637,4638,4639,4640,4641,4642,4643,5022,5023,5024,5027,5028,5029,5031
3230:9325,9315,12860,9321,11351,9323,12343,12485,8786,9314,4622,4623,4624,4625,4626,4627,4628,4629,4630,4631,4632,4634,4635,4636,4637,4638,4639,4640,4641,4642
3231:11180,9320,12618,13167,11179,11181,12620,11150,13171,12631,12621,12633,9541,9103,13024,9315,13138,12622,8883,12351,11280,12619,9825,11211,12623,10791,12984,8965,12727,11185
3234:13135,11281,9323,9580,8852,9086,12301,11145,10116,8835,10112,8840,10111,13061,9586,9826,12351,13019,10106,12297,9094,12304,9534,9033,9104,11208,12483,13062,12350,4622
3236:11191,8901,11192,11195,11193,9323,8837,9095,12624,8844,12635,8852,11215,12632,11356,9025,13024,9029,12492,8791,11213,8839,13038,12623,8787,9027,11354,8783,11194,11197
3237:13013,11193,4622,4623,4624,4625,4626,4627,4628,4629,4630,4631,4632,4634,4635,4636,4637,4638,4639,4640,4641,4642,4643,5022,5023,5024,5027,5028,5029,5031
3238:11193,8967,12200,12201,12378,12379,12380,11206,11360,9104,13078,9314,11179,12628,12862,12627,9090,9083,13118,13048,9551,8838,9094,8836,8839,9035,11211,13114,9544,11188
17:5033,8990,8845,8789,10111,12620,12492,8796,11210,12350,8788,4622,4623,4624,4625,4626,4627,4628,4629,4630,4631,4632,4634,4635,4636,4637,4638,4639,4640,4641
3257:11142,9580,10789,12753,9092,12303,7167,11147,9089,4622,4623,4624,4625,4626,4627,4628,4629,4630,4631,4632,4634,4635,4636,4637,4638,4639,4640,4641,4642,4643
3258:12620,8845,8789,10111,12492,8796,10791,11210,8965,12727,12350,8788,9096,12618,13043,13167,11208,8928,8961,11284,13133,8850,8844,11149,13139,8846,12301,12290,11150,13013
3262:11337,4622,4623,4624,4625,4626,4627,4628,4629,4630,4631,4632,4634,4635,4636,4637,4638,4639,4640,4641,4642,4643,5022,5023,5024,5027,5028,5029,5031,5033
3275:10113,8847,8845,12871,10108,10112,11214,10106,8789,13052,8963,10111,13017,12620,13013,13048,12625,13025,12492,9095,8796,13090,13054,13020,11210,13022,9102,13091,9553,12350
3293:7723,8896,12721,5029,11818,8387,11940,12725,10026,8918,9027,8798,9992,8965,12738,12757,12745,4622,4623,4624,4625,4626,4627,4628,4629,4630,4631,4632,4634,4635
17:5033,8990,8845,8789,10111,12620,12492,8796,11210,12350,8788,4622,4623,4624,4625,4626,4627,4628,4629,4630,4631,4632,4634,4635,4636,4637,4638,4639,4640,4641
3298:12862,9985,9824,11188,12636,9988,10108,13048,12863,10115,12864,12628,12871,9553,10117,12627,9827,9982,13028,9090,9083,13118,8984,12860,9551,9990,8838,9094,8836,12484
3315:4622,4623,4624,4625,4626,4627,4628,4629,4630,4631,4632,4634,4635,4636,4637,4638,4639,4640,4641,4642,4643,5022,5023,5024,5027,5028,5029,5031,5033,5034
3322:4622,4623,4624,4625,4626,4627,4628,4629,4630,4631,4632,4634,4635,4636,4637,4638,4639,4640,4641,4642,4643,5022,5023,5024,5027,5028,5029,5031,5033,5034
3325:12179,12180,12181,12182,12183,12173,12174,12175,12176,12177,12178,7168,7511,12184,12185,12186,12187,8394,11432,12200,12201,12378,12379,12380,11424,11442,8395,4634,4638,4639
17:5033,8990,8845,8789,10111,12620,12492,8796,11210,12350,8788,4622,4623,4624,4625,4626,4627,4628,4629,4630,4631,4632,4634,4635,4636,4637,4638,4639,4640,4641
3332:12755,11431,11418,11824,13020,11826,9551,10785,12754,12304,11181,11208,8786,4622,4623,4624,4625,4626,4627,4628,4629,4630,4631,4632,4634,4635,4636,4637,4638,4639
3336:9992,9991,10793,8965,12746,12757,12745,12872,4622,4623,4624,4625,4626,4627,4628,4629,4630,4631,4632,4634,4635,4636,4637,4638,4639,4640,4641,4642,4643,5022
3353:12630,12343,11152,11423,11359,12622,11351,13170,9581,8846,11150,8841,8833,12625,12621,12620,12351,12296,11270,11210,13040,8990,4622,4623,4624,4625,4626,4627,4628,4629
3384:11196,12340,11270,13034,13033,11207,12438,12300,12339,8392,12179,12180,12181,12182,12183,13040,13079,12758,13088,11145,9994,8985,12342,12491,11359,12620,12622,12626,13014,11269
3386:11277,11145,9986,11215,8845,11356,11268,11144,11274,11278,11269,8834,11212,13078,8989,11270,12634,8959,11192,8928,8961,9022,4622,4623,4624,4625,4626,4627,4628,4629
3387:12350,9330,12626,12304,12484,9554,9544,11188,13010,8776,13030,8795,4622,4623,4624,4625,4626,4627,4628,4629,4630,4631,4632,4634,4635,4636,4637,4638,4639,4640
3391:9092,11824,13167,12478,8394,8851,13170,8846,11441,12290,11150,9090,9088,11427,8920,5022,5023,8843,7164,12853,12620,9314,11443,11428,9510,5024,13064,9097,7166,12856
3392:7328,9104,11193,7168,13139,9090,10112,9100,9092,13098,13137,13095,9026,4622,4623,4624,4625,4626,4627,4628,4629,4630,4631,4632,4634,4635,4636,4637,4638,4639
3394:4635,11824,7168,13139,10112,9100,9314,13137,4622,4623,4624,4625,4626,4627,4628,4629,4630,4631,4632,4634,4636,4637,4638,4639,4640,4641,4642,4643,5022,5023
17:5033,8990,8845,8789,10111,12620,12492,8796,11210,12350,8788,4622,4623,4624,4625,4626,4627,4628,4629,4630,4631,4632,4634,4635,4636,4637,4638,4639,4640,4641
3399:9096,13013,9553,10118,8845,9985,12625,13091,13090,13020,13028,9102,12618,13167,12620,11284,13133,8850,8844,11149,13139,8846,12301,12290,11150,11271,11144,9088,13171,11180
3403:9542,11192,9035,11195,11354,11194,12345,9104,10097,11212,12347,11181,11197,10791,8965,12727,13043,11208,8928,8961,4622,4623,4624,4625,4626,4627,4628,4629,4630,4631
3428:11151,12631,11274,13171,12862,12871,9827,9982,12629,12339,8984,12478,13028,10115,12484,12479,11337,12483,12482,12865,9507,9988,13015,9824,12860,13048,9992,13014,9990,12488
3470:4622,4623,4624,4625,4626,4627,4628,4629,4630,4631,4632,4634,4635,4636,4637,4638,4639,4640,4641,4642,4643,5022,5023,5024,5027,5028,5029,5031,5033,5034
17:5033,8990,8845,8789,10111,12620,12492,8796,11210,12350,8788,4622,4623,4624,4625,4626,4627,4628,4629,4630,4631,4632,4634,4635,4636,4637,4638,4639,4640,4641
3487:8779,10005,4622,4623,4624,4625,4626,4627,4628,4629,4630,4631,4632,4634,4635,4636,4637,4638,4639,4640,4641,4642,4643,5022,5023,5024,5027,5028,5029,5031
3488:11442,11433,11214,11198,12343,8896,8996,10011,4634,8855,8916,8985,11358,8778,4629,9992,11191,8792,10110,4642,7329,12750,8796,12751,9022,11188,4630,4622,4623,4624
3498:12635,8782,12888,12889,12890,12891,12892,8960,8780,12629,10100,13038,13009,13039,13010,10101,10103,11099,4622,4623,4624,4625,4626,4627,4628,4629,4630,4631,4632,4634
3517:9502,4642,9024,12872,11197,12863,4622,4623,4624,4625,4626,4627,4628,4629,4630,4631,4632,4634,4635,4636,4637,4638,4639,4640,4641,4643,5022,5023,5024,5027
3525:9330,8777,8812,8801,12756,8789,11196,11277,12749,12750,8962,12339,12634,12490,12347,12746,12758,12757,11197,12868,11099,4622,4623,4624,4625,4626,4627,4628,4629,4630
3543:8778,12184,12185,12186,12187,7161,10099,9583,11807,12302,4634,9582,8985,11358,4629,12748,9992,11191,8792,11429,10110,4642,7329,12750,8796,12751,9022,11188,4630,4622
3548:4622,4623,4624,4625,4626,4627,4628,4629,4630,4631,4632,4634,4635,4636,4637,4638,4639,4640,4641,4642,4643,5022,5023,5024,5027,5028,5029,5031,5033,5034
3569:12741,8808,12184,12185,12186,12187,9098,9542,7723,8778,8989,11807,8855,8779,12733,10014,12736,10006,12748,10011,11429,11956,4622,4623,4624,4625,4626,4627,4628,4629
3584:12635,12888,12889,12890,12891,12892,10100,13038,13009,13039,13010,10101,10103,11099,4622,4623,4624,4625,4626,4627,4628,4629,4630,4631,4632,4634,4635,4636,4637,4638
3593:12184,12185,12186,12187,9330,12628,12627,8777,8778,11807,8812,8801,13082,4626,11213,12756,13084,11425,11354,12748,8789,11429,13074,11196,11277,11207,12749,12750,8962,12339
3619:8845,8789,10111,11357,12620,13105,12488,11359,11360,12491,12492,13020,13037,13102,13050,13024,13018,8796,8422,13023,11353,11210,9033,8853,12350,8788,9020,4622,4623,4624
3650:12630,11193,11803,12200,12201,12378,12379,12380,8388,11870,9542,12635,12888,12889,12890,12891,12892,11179,10014,10006,10100,13038,13009,13039,13010,10101,11956,10103,11099,4622
3651:9664,9542,12635,12888,12889,12890,12891,12892,10014,10006,10100,13038,13009,13039,13010,10101,11956,10103,11099,4622,4623,4624,4625,4626,4627,4628,4629,4630,4631,4632
3677:8835,12290,12295,12297,12293,12298,12299,12296,12300,12294,8845,13013,12625,9580,8852,9086,12301,13090,13020,11145,10116,10112,9102,8840,13091,9553,10111,13061,9586,9826
3682:8837,9095,11213,11194,11197,11276,9541,13135,8792,11279,13078,13091,11211,12634,13009,12624,8844,12635,8852,11215,12632,11356,9025,13024,9029,12492,8791,12758,8839,13038
3683:11874,11351,12343,9541,8786,8792,11279,13091,11211,13009,12758,4622,4623,4624,4625,4626,4627,4628,4629,4630,4631,4632,4634,4635,4636,4637,4638,4639,4640,4641
3685:8833,8848,13170,12622,12625,10107,12296,11275,9089,9090,11272,10106,9581,9316,10786,8846,9510,7520,7512,11152,11281,11150,8841,11360,11284,12621,8891,12620,11273,13072
17:5033,8990,8845,8789,10111,12620,12492,8796,11210,12350,8788,4622,4623,4624,4625,4626,4627,4628,4629,4630,4631,4632,4634,4635,4636,4637,4638,4639,4640,4641
3688:4622,4623,4624,4625,4626,4627,4628,4629,4630,4631,4632,4634,4635,4636,4637,4638,4639,4640,4641,4642,4643,5022,5023,5024,5027,5028,5029,5031,5033,5034
3690:13118,8909,7175,10790,4622,4623,4624,4625,4626,4627,4628,4629,4630,4631,4632,4634,4635,4636,4637,4638,4639,4640,4641,4642,4643,5022,5023,5024,5027,5028
17:5033,8990,8845,8789,10111,12620,12492,8796,11210,12350,8788,4622,4623,4624,4625,4626,4627,4628,4629,4630,4631,4632,4634,4635,4636,4637,4638,4639,4640,4641
3744:11279,8853,13133,9088,7514,7310,7309,11273,8903,4622,4623,4624,4625,4626,4627,4628,4629,4630,4631,4632,4634,4635,4636,4637,4638,4639,4640,4641,4642,4643
3746:7514,12349,7505,4622,4623,4624,4625,4626,4627,4628,4629,4630,4631,4632,4634,4635,4636,4637,4638,4639,4640,4641,4642,4643,5022,5023,5024,5027,5028,5029
3748:12618,13167,12620,11150,13171,11180,12631,12621,12633,9541,9103,13020,9551,9315,13138,12622,8883,12351,10785,12754,12304,11280,12619,11181,9825,11211,8786,12623,12984,11185
3776:7331,10096,12626,7504,7307,8969,7724,8391,8776,8959,12721,12722,8798,12738,4622,4623,4624,4625,4626,4627,4628,4629,4630,4631,4632,4634,4635,4636,4637,4638
3795:12340,11205,12350,8775,12349,4622,4623,4624,4625,4626,4627,4628,4629,4630,4631,4632,4634,4635,4636,4637,4638,4639,4640,4641,4642,4643,5022,5023,5024,5027
3805:12476,11438,4630,4622,4623,4624,4625,4626,4627,4628,4629,4631,4632,4634,4635,4636,4637,4638,4639,4640,4641,4642,4643,5022,5023,5024,5027,5028,5029,5031
3818:8833,8848,13167,10107,11275,9089,12478,9090,13170,11272,10106,9316,10786,8920,5022,5023,9510,7520,7164,7512,12853,5024,7166,12856,8891,13131,7163,11273,11412,10783
3819:13170,12622,8833,12625,12296,9581,8846,11152,11281,11150,9541,8841,11360,13052,11284,12621,12620,13072,12351,11181,9033,9319,11188,11270,9328,11210,13040,8990,8919,4622
17:5033,8990,8845,8789,10111,12620,12492,8796,11210,12350,8788,4622,4623,4624,4625,4626,4627,4628,4629,4630,4631,4632,4634,4635,4636,4637,4638,4639,4640,4641
3821:9096,13013,10118,12618,13167,12620,11284,13133,8850,8844,11149,13139,8846,12301,12290,11150,11271,11144,9088,13171,11180,8841,8849,11151,13134,11275,12631,12621,11272,11278
17:5033,8990,8845,8789,10111,12620,12492,8796,11210,12350,8788,4622,4623,4624,4625,4626,4627,4628,4629,4630,4631,4632,4634,4635,4636,4637,4638,4639,4640,4641
3823:12622,12620,13170,13129,9542,9581,8846,11145,11152,11351,9030,11150,8841,8833,12625,9538,12621,11354,11359,12628,12626,11269,12862,12627,12351,11213,12296,9090,9083,11270
17:5033,8990,8845,8789,10111,12620,12492,8796,11210,12350,8788,4622,4623,4624,4625,4626,4627,4628,4629,4630,4631,4632,4634,4635,4636,4637,4638,4639,4640,4641
3826:11268,11269,11212,11270,9986,8845,8989,12294,8959,12345,12342,8928,8961,9096,12618,13167,12620,11284,13133,8850,8844,11149,13139,8846,12301,12290,11150,13013,11271,11144
3831:12624,11280,11144,8849,10113,8843,12618,13167,13071,8837,13086,8851,8846,10788,8835,10112,11150,13171,11180,12631,12621,13136,12633,9541,9092,9826,9103,7522,12620,12297
3877:11444,9315,7168,12488,13139,8891,12862,10112,9100,10108,13137,9985,8787,9824,10117,11188,12863,12864,9988,4622,4623,4624,4625,4626,4627,4628,4629,4630,4631,4632
3884:4622,4623,4624,4625,4626,4627,4628,4629,4630,4631,4632,4634,4635,4636,4637,4638,4639,4640,4641,4642,4643,5022,5023,5024,5027,5028,5029,5031,5033,5034
3890:9554,9096,12618,13167,12620,11284,13133,8850,8844,11149,13139,8846,12301,12290,11150,13013,11271,11144,9088,13171,11180,8841,8849,11151,13134,11275,12631,12621,11272,11278
3895:10099,12862,12636,10108,11188,12863,12864,9985,9824,12628,10117,12627,9988,9090,9083,13118,13048,9551,8838,9094,8836,8839,9035,11211,13114,9544,11193,10790,12340,4622
3905:11277,9985,11145,11215,11356,13020,9551,8801,10785,12754,12304,11181,8786,8789,11196,9096,12618,12749,13167,12750,8962,12339,12634,12620,12490,12347,11284,12746,12757,11197
3907:8395,13100,11214,8848,9097,12294,4622,4623,4624,4625,4626,4627,4628,4629,4630,4631,4632,4634,4635,4636,4637,4638,4639,4640,4641,4642,4643,5022,5023,5024
3912:11356,13015,11215,11272,9092,11145,9086,11277,9104,9088,13132,8837,9095,12624,8844,12635,9093,8852,8812,13091,12632,9025,13024,9029,12492,8791,11213,8839,13038,12623
3923:11271,8395,8848,11351,12343,8786,9097,11187,12488,11210,12294,4622,4623,4624,4625,4626,4627,4628,4629,4630,4631,4632,4634,4635,4636,4637,4638,4639,4640,4641
3930:13167,12620,12478,8845,13170,8789,10111,8920,5022,5023,7164,12853,11337,12492,5024,7166,12856,8796,13131,7163,11210,11412,10783,9989,12350,8788,9096,12618,11284,7172
3990:12478,13167,12862,12871,9827,9982,13170,12636,8920,5022,5023,7164,8984,12853,5024,7166,12856,10115,13131,12484,7163,12479,11412,10783,9989,12483,12482,12865,9507,9988
4005:8958,9502,9501,9498,8905,9500,8906,9509,9499,8987,11941,8986,8957,8809,9995,10787,8962,8965,8991,8899,8960,8989,8996,9510,9672,10792,8959,8897,4626,12720
4006:9500,12859,9499,9498,8960,9502,8908,8906,8903,8958,9994,8985,9506,9493,8899,8984,9510,8987,9505,11941,8962,8965,9490,8991,9494,8989,8787,8959,9987,4622
4014:8422,4622,4623,4624,4625,4626,4627,4628,4629,4630,4631,4632,4634,4635,4636,4637,4638,4639,4640,4641,4642,4643,5022,5023,5024,5027,5028,5029,5031,5033
4031:13133,9088,7514,9330,11279,7310,12483,11273,8853,7309,8903,12626,12304,13030,12484,9554,9544,11188,13010,8776,9096,12618,13167,8795,12620,11284,8850,8844,11149,13139
4032:8839,9542,11192,9035,11195,11354,11194,12345,8850,11925,11872,13092,4623,4622,4636,10097,4631,8845,13013,11212,12625,4643,4642,12347,11181,4627,13090,11197,13020,7523
4048:11212,12862,8925,10108,9985,8787,9824,10117,11188,12863,12864,9988,4622,4623,4624,4625,4626,4627,4628,4629,4630,4631,4632,4634,4635,4636,4637,4638,4639,4640
4103:12629,9983,12179,12180,12181,12182,12183,9994,8985,13014,12732,12719,9989,9032,11270,9986,9096,12618,13167,8894,12863,12620,12742,12864,11284,9037,13133,8850,8844,11149
17:5033,8990,8845,8789,10111,12620,12492,8796,11210,12350,8788,4622,4623,4624,4625,4626,4627,4628,4629,4630,4631,4632,4634,4635,4636,4637,4638,4639,4640,4641
4171:9024,13058,9020,4622,4623,4624,4625,4626,4627,4628,4629,4630,4631,4632,4634,4635,4636,4637,4638,4639,4640,4641,4642,4643,5022,5023,5024,5027,5028,5029
4181:9095,8832,10113,10001,13052,8963,8847,13048,9580,13025,8852,9086,12301,13054,11145,10116,13022,8835,10112,8840,10111,13061,9586,9826,12351,13019,10106,12297,9094,12304
4242:8851,9098,11194,12852,13131,9091,4622,4623,4624,4625,4626,4627,4628,4629,4630,4631,4632,4634,4635,4636,4637,4638,4639,4640,4641,4642,4643,5022,5023,5024
4264:11940,9985,13061,13066,4622,4623,4624,4625,4626,4627,4628,4629,4630,4631,4632,4634,4635,4636,4637,4638,4639,4640,4641,4642,4643,5022,5023,5024,5027,5028
4274:7521,7522,11358,9100,13037,13045,13043,12303,4622,4623,4624,4625,4626,4627,4628,4629,4630,4631,4632,4634,4635,4636,4637,4638,4639,4640,4641,4642,4643,5022
4328:13167,12620,12618,12478,8845,13170,11150,13171,11180,12631,12621,8789,10111,12633,8920,5022,5023,9541,9103,7164,12853,9315,13138,12622,12492,8883,12351,5024,7166,12856
4329:8833,8848,13170,12622,12625,10107,12296,11275,9089,9090,11272,10106,9581,9316,10786,8846,9510,7520,7512,11152,11281,11150,8841,11360,11284,12621,8891,12620,11273,13072
4330:12630,12343,4625,8845,9548,11147,8789,10111,11144,12620,11187,8794,11274,11278,12492,8834,11277,8796,13078,11319,11210,12634,13011,12440,11192,11213,12350,9022,9534,9031
4331:13038,12342,8852,9580,8837,9095,12485,9086,12624,8844,12301,12635,11145,10116,8835,10112,8840,10111,11215,13061,9586,12632,9826,11356,12351,13019,10106,12297,9094,9025
4332:13167,11149,12478,13170,9540,12636,8920,5022,5023,7164,12853,8790,5024,7166,12856,13131,7163,11412,10783,9989,9096,12618,12620,11284,7172,7160,13133,8850,8844,13139
4333:12618,13167,12620,11150,13171,11180,12631,12621,12633,9541,9103,9315,13138,12622,8883,12351,11280,12619,9825,11211,12623,12984,11185,11183,9096,11284,9089,13133,8850,8844
4334:8837,9095,11213,11194,11197,11276,11144,11274,11278,8834,11277,12624,8844,12635,8852,13078,12634,11192,11215,9022,12632,11356,9025,13024,9029,12492,8791,8839,13038,12623
4336:10113,13071,11280,12624,11144,8849,10116,8843,9586,13086,11179,8990,9096,12618,13167,12620,11284,13133,8850,8844,11149,13139,8846,12301,12290,11150,13013,11271,9088,13171
4338:11150,12620,12618,13167,13058,8846,12290,9088,9030,8394,8851,11441,13171,11180,12631,12621,11427,12633,8843,9541,9103,9315,13138,12622,8883,11443,11428,12351,9510,9092
17:5033,8990,8845,8789,10111,12620,12492,8796,11210,12350,8788,4622,4623,4624,4625,4626,4627,4628,4629,4630,4631,4632,4634,4635,4636,4637,4638,4639,4640,4641
4415:13017,8855,4622,4623,4624,4625,4626,4627,4628,4629,4630,4631,4632,4634,4635,4636,4637,4638,4639,4640,4641,4642,4643,5022,5023,5024,5027,5028,5029,5031
4485:4628,11925,11872,8900,4623,8783,4622,4636,4631,11209,8794,4643,4642,4627,9988,7523,4624,4625,4626,4629,4630,4632,4634,4635,4637,4638,4639,4640,4641,5022
4590:8834,13057,8847,7167,11144,11274,11278,9318,11277,13078,12634,11192,9022,4622,4623,4624,4625,4626,4627,4628,4629,4630,4631,4632,4634,4635,4636,4637,4638,4639
17:5033,8990,8845,8789,10111,12620,12492,8796,11210,12350,8788,4622,4623,4624,4625,4626,4627,4628,4629,4630,4631,4632,4634,4635,4636,4637,4638,4639,4640,4641
4645:8839,12753,9983,9580,8852,9086,12758,12301,11145,10116,8835,10112,8840,10111,13061,9586,9826,12351,13019,10106,12297,9094,12304,9534,9033,9104,11208,12483,13062,12179
4646:7331,7304,12179,12180,12181,12182,12183,12173,12174,12175,12176,12177,12178,7168,7511,12184,12185,12186,12187,8394,11432,12200,12201,12378,12379,12380,11424,11442,8395,4634
4647:7326,7306,8420,7327,8421,8422,12179,12180,12181,12182,12183,12173,12174,12175,12176,12177,12178,7168,7511,12184,12185,12186,12187,8394,11432,12200,12201,12378,12379,12380
4648:11431,12179,12180,12181,12182,12183,12173,12174,12175,12176,12177,12178,7168,7511,12184,12185,12186,12187,8394,11432,12200,12201,12378,12379,12380,11424,11442,8395,4634,4638
4649:11803,13082,13084,13045,12179,12180,12181,12182,12183,12173,12174,12175,12176,12177,12178,7168,7511,12184,12185,12186,12187,8394,11432,12200,12201,12378,12379,12380,11424,11442
4650:8393,11444,12179,12180,12181,12182,12183,12173,12174,12175,12176,12177,12178,7168,7511,12184,12185,12186,12187,8394,11432,12200,12201,12378,12379,12380,11424,11442,8395,4634
4651:11803,9985,8800,11431,12179,12180,12181,12182,12183,12173,12174,12175,12176,12177,12178,7168,7511,12184,12185,12186,12187,8394,11432,12200,12201,12378,12379,12380,11424,11442
17:5033,8990,8845,8789,10111,12620,12492,8796,11210,12350,8788,4622,4623,4624,4625,4626,4627,4628,4629,4630,4631,4632,4634,4635,4636,4637,4638,4639,4640,4641
4654:9094,7161,12900,12901,12902,12903,12904,7331,8962,13082,13084,13045,7500,9035,10096,12179,12180,12181,12182,12183,12173,12174,12175,12176,12177,12178,7168,7511,12184,12185
4655:12755,8393,11431,11418,11824,11826,7513,4629,11208,7514,13115,7331,8891,8894,10792,9083,10096,9499,9037,12179,12180,12181,12182,12183,12173,12174,12175,12176,12177,12178
4658:12755,8900,11431,11418,11824,4630,11826,11208,12179,12180,12181,12182,12183,12173,12174,12175,12176,12177,12178,7168,7511,12184,12185,12186,12187,8394,11432,12200,12201,12378
4663:7521,7515,7524,12755,7525,7522,10801,7516,13095,11431,11418,7160,11824,11826,11208,12179,12180,12181,12182,12183,12173,12174,12175,12176,12177,12178,7168,7511,12184,12185
4667:7330,7164,7500,7514,9511,11272,7513,9551,7520,7512,8960,13066,12179,12180,12181,12182,12183,12173,12174,12175,12176,12177,12178,7168,7511,12184,12185,12186,12187,8394
4668:8393,10106,8421,11207,12179,12180,12181,12182,12183,12173,12174,12175,12176,12177,12178,7168,7511,12184,12185,12186,12187,8394,11432,12200,12201,12378,12379,12380,11424,11442
4670:12622,13170,9581,8846,11152,11150,8841,8833,12625,12621,12620,12351,12296,11270,11210,13040,8990,12179,12180,12181,12182,12183,12173,12174,12175,12176,12177,12178,7168,7511
4672:12184,12185,12186,12187,8778,11807,11429,12748,12179,12180,12181,12182,12183,12173,12174,12175,12176,12177,12178,7168,7511,8394,11432,12200,12201,12378,12379,12380,11424,11442
4675:9493,9490,9494,7167,9092,11147,9089,12179,12180,12181,12182,12183,12173,12174,12175,12176,12177,12178,7168,7511,12184,12185,12186,12187,8394,11432,12200,12201,12378,12379
4681:5034,11824,13167,12478,9542,13170,7164,11192,9035,7166,11195,11354,8920,11194,5022,5023,7163,12853,12345,9314,5024,12856,13131,11412,10783,9989,7172,7160,12179,12180
4684:11824,13167,12478,13170,7164,13028,7166,8920,5022,5023,7163,12853,9314,5024,12856,13131,11412,10783,9989,7172,7160,12179,12180,12181,12182,12183,12173,12174,12175,12176
4699:7331,11444,7511,11357,10097,7304,12732,11818,12725,12720,12727,12723,12737,12730,12733,12731,12742,12736,12739,12726,12728,12721,12722,12738,12179,12180,12181,12182,12183,12173
4704:11415,11433,10011,12179,12180,12181,12182,12183,12173,12174,12175,12176,12177,12178,7168,7511,12184,12185,12186,12187,8394,11432,12200,12201,12378,12379,12380,11424,11442,8395
4707:9511,7526,9094,12755,11431,11418,11824,11826,11208,12179,12180,12181,12182,12183,12173,12174,12175,12176,12177,12178,7168,7511,12184,12185,12186,12187,8394,11432,12200,12201
4711:11415,11807,12735,12484,9983,8775,10011,12179,12180,12181,12182,12183,12173,12174,12175,12176,12177,12178,7168,7511,12184,12185,12186,12187,8394,11432,12200,12201,12378,12379
4712:12179,12180,12181,12182,12183,12173,12174,12175,12176,12177,12178,7168,7511,12184,12185,12186,12187,8394,11432,12200,12201,12378,12379,12380,11424,11442,8395,4634,4638,4639
17:5033,8990,8845,8789,10111,12620,12492,8796,11210,12350,8788,4622,4623,4624,4625,4626,4627,4628,4629,4630,4631,4632,4634,4635,4636,4637,4638,4639,4640,4641
4757:4622,4623,4624,4625,4626,4627,4628,4629,4630,4631,4632,4634,4635,4636,4637,4638,4639,4640,4641,4642,4643,5022,5023,5024,5027,5028,5029,5031,5033,5034
17:5033,8990,8845,8789,10111,12620,12492,8796,11210,12350,8788,4622,4623,4624,4625,4626,4627,4628,4629,4630,4631,4632,4634,4635,4636,4637,4638,4639,4640,4641
4759:8846,12290,11150,9088,12620,9091,8394,8851,9098,11441,11352,11427,8843,11443,11428,9510,12490,9092,13064,9097,9672,11426,9317,9096,12618,13167,11284,13133,8850,8844
4861:11145,8919,13011,12742,12741,11806,13020,11412,11408,8969,11409,8812,8996,12347,4622,4623,4624,4625,4626,4627,4628,4629,4630,4631,4632,4634,4635,4636,4637,4638
4879:13061,12492,12862,9090,8799,8801,10108,9580,8809,9092,7727,8852,9086,13098,9985,9824,13095,12301,10117,11145,8422,10116,8835,8793,10112,8840,12490,8796,10111,9586
4883:12628,8388,9084,4622,4623,4624,4625,4626,4627,4628,4629,4630,4631,4632,4634,4635,4636,4637,4638,4639,4640,4641,4642,4643,5022,5023,5024,5027,5028,5029
17:5033,8990,8845,8789,10111,12620,12492,8796,11210,12350,8788,4622,4623,4624,4625,4626,4627,4628,4629,4630,4631,4632,4634,4635,4636,4637,4638,4639,4640,4641
5074:13170,10793,9986,8845,8833,12625,11268,9992,11281,11360,12622,11284,11269,8965,11212,12296,12757,12745,8989,11270,13072,8959,8928,8961,4622,4623,4624,4625,4626,4627
5076:4622,4623,4624,4625,4626,4627,4628,4629,4630,4631,4632,4634,4635,4636,4637,4638,4639,4640,4641,4642,4643,5022,5023,5024,5027,5028,5029,5031,5033,5034
5077:13170,12194,12195,12196,12197,12198,12199,12632,8833,12625,9503,9991,11281,11360,10793,12622,11284,12727,12296,12746,8958,10099,12745,8906,12872,13072,12731,12721,4622,4623
5080:12855,12629,11151,12631,11274,11337,4622,4623,4624,4625,4626,4627,4628,4629,4630,4631,4632,4634,4635,4636,4637,4638,4639,4640,4641,4642,4643,5022,5023,5024
5176:8846,13030,11214,9082,9989,9996,7160,9096,12618,13167,12620,11284,13133,8850,8844,11149,13139,12301,12290,11150,13013,11271,11144,9088,13171,11180,8841,8849,11151,13134
5187:11277,11278,11145,12628,11215,12627,11356,13022,13040,11213,8801,13082,4626,13084,11425,11354,8789,13074,11196,11207,9096,12618,12749,13167,12750,8962,12339,12634,12620,12490
5197:11151,11275,11142,9580,8801,8852,9086,12301,11145,10116,8835,10112,8789,8840,10111,11196,11277,13061,9586,9826,12351,12749,12750,13019,8962,10106,12297,9094,12339,12634
5198:11275,7514,8986,8833,8848,7505,11279,10106,9316,12349,12726,4622,4623,4624,4625,4626,4627,4628,4629,4630,4631,4632,4634,4635,4636,4637,4638,4639,4640,4641
5204:11151,11274,13171,13134,12631,11214,11275,12173,12174,12175,12176,12177,12178,11142,12853,9103,12339,9315,12856,8908,12629,12860,13032,11413,13088,12872,13028,11410,8903,8801
5214:9095,8832,10001,9496,13058,10113,12484,11099,13052,8963,8847,13048,13025,8837,13092,12624,8844,12635,8852,13054,13022,11215,12632,11356,9025,13024,9029,12492,8791,11213
5261:11148,11196,13135,12858,13065,13078,12340,8837,13069,12634,9095,12624,8844,12635,8852,11215,12632,11356,9025,13024,9029,12492,8791,11213,8839,13038,12623,8787,9027,11354
5262:11151,11274,13171,12631,12856,9103,12629,9315,9541,7501,12860,8847,8854,8792,12339,11279,11280,13028,9031,13091,11211,13009,13114,9325,11337,12758,4622,4623,4624,4625
5263:9983,8920,8929,13131,8963,9995,10787,9499,4622,4623,4624,4625,4626,4627,4628,4629,4630,4631,4632,4634,4635,4636,4637,4638,4639,4640,4641,4642,4643,5022
5268:13040,12628,12862,12627,9090,9083,13118,13048,9551,8838,9094,8836,8839,9035,11211,13114,9544,11188,12863,11193,12864,10790,12340,9988,4622,4623,4624,4625,4626,4627
5281:11275,8833,8848,10106,13022,13040,9316,8845,13013,12625,13090,13020,9102,13091,9553,4622,4623,4624,4625,4626,4627,4628,4629,4630,4631,4632,4634,4635,4636,4637
5302:12746,9991,12624,11144,8849,10113,8843,13071,13086,11280,9581,5031,10793,9995,10787,9994,8967,5038,8996,5027,9672,10792,5028,10786,12872,8897,11824,8990,9492,13114
5318:8791,12862,12871,9985,9827,9982,9991,9983,8984,12478,10115,12484,12479,12483,12482,12865,9507,9988,13015,9824,12860,13048,9992,13014,9990,12488,11188,12870,12868,4622
5342:12304,8844,8837,8839,9095,12624,12628,12635,8852,12862,9025,12627,13048,11213,9090,9083,11215,12623,11211,12632,13118,9096,12618,11356,13167,12620,11276,13024,11284,9029
5354:9096,8846,13013,13030,13033,13084,13083,9989,10118,9996,12618,13167,12620,11284,13133,8850,8844,11149,13139,12301,12290,11150,11271,11144,9088,13171,11180,8841,8849,11151
5367:11272,9092,9086,9104,9088,13132,9093,8812,13091,4622,4623,4624,4625,4626,4627,4628,4629,4630,4631,4632,4634,4635,4636,4637,4638,4639,4640,4641,4642,4643
5389:11356,11145,11215,11277,11319,13011,12440,11213,9534,9031,13039,13054,11143,11337,13106,9036,4622,4623,4624,4625,4626,4627,4628,4629,4630,4631,4632,4634,4635,4636
5412:11151,11274,13171,12631,12301,8849,9103,9315,13053,12856,12629,13018,12860,12339,13028,11337,9096,12618,13167,12620,11284,13133,8850,8844,11149,13139,8846,12290,11150,13013
5417:12628,12627,11213,12300,12620,11270,11207,12622,11145,12491,13082,4626,11359,13084,12626,11269,12862,11425,11353,11354,13048,8781,13074,9090,9083,9318,11211,13118,12303,9096
5419:11430,11278,7164,11272,11274,8781,11145,7514,11277,11215,13104,7513,7520,11276,11356,7512,9096,12618,13167,12620,11284,13133,8850,8844,11149,13139,8846,12301,12290,11150
5424:12630,9542,9541,8811,11870,13167,9986,12478,9497,8813,8782,13129,8845,13170,8785,8797,8783,9544,11268,8920,5022,5023,7164,11351,9030,12853,9538,11269,5024,11354
5427:11270,11268,11269,11212,11150,9986,8845,8847,13090,13093,11213,9091,8989,12294,9549,13069,13088,8959,12345,12342,8928,8961,4622,4623,4624,4625,4626,4627,4628,4629
5435:11274,11278,13084,11144,11208,11145,8794,9541,13052,8834,11359,11277,12620,12622,12626,11269,13078,10791,11213,12634,11181,9033,11192,9319,8965,12727,11188,9022,9328,12303
5464:12342,7169,12304,13084,13025,11268,12347,13057,13035,11269,11212,13092,11270,12294,11319,13011,12345,12440,11213,9534,9031,13039,13054,11143,11337,13106,9036,12758,4622,4623
5475:8841,13087,12304,13033,9087,13084,13083,9096,12618,13167,12620,11284,13133,8850,8844,11149,13139,8846,12301,12290,11150,13013,11271,11144,9088,13171,11180,8849,11151,13134
5486:11150,8847,13090,13093,11213,9091,11270,9549,13069,13088,4622,4623,4624,4625,4626,4627,4628,4629,4630,4631,4632,4634,4635,4636,4637,4638,4639,4640,4641,4642
5505:11277,9029,11270,11145,11215,12300,11356,12179,12180,12181,12182,12183,9994,8985,13014,12732,12719,9989,9032,9986,8894,12863,12742,12864,9037,4622,4623,4624,4625,4626
5506:11198,11182,10791,8965,12727,13043,11208,8928,8961,4622,4623,4624,4625,4626,4627,4628,4629,4630,4631,4632,4634,4635,4636,4637,4638,4639,4640,4641,4642,4643
5513:12298,11151,11275,11142,11213,9082,13101,11818,10789,4622,4623,4624,4625,4626,4627,4628,4629,4630,4631,4632,4634,4635,4636,4637,4638,4639,4640,4641,4642,4643
5516:11149,11214,9082,9540,12636,8790,9096,12618,13167,12620,11284,13133,8850,8844,13139,8846,12301,12290,11150,13013,11271,11144,9088,13171,11180,8841,8849,11151,13134,11275
5556:9986,8845,11268,11269,11212,8989,11270,8959,8928,8961,9096,12618,13167,12620,11284,13133,8850,8844,11149,13139,8846,12301,12290,11150,13013,11271,11144,9088,13171,11180
5579:9580,4634,4638,4639,4637,11431,10110,10100,8962,12755,13023,11270,8905,9324,10103,8795,9096,12618,13167,12620,12725,11284,13133,8850,8844,11149,13139,8846,12301,12290
5588:8801,11818,8799,12490,8842,8809,7727,12492,8793,8789,8796,11196,11277,12749,12750,8962,11185,12339,12634,12347,12485,12746,12757,11197,12868,11099,4622,4623,4624,4625
5594:12299,11191,9541,8792,11279,8855,13091,11211,13009,12758,4622,4623,4624,4625,4626,4627,4628,4629,4630,4631,4632,4634,4635,4636,4637,4638,4639,4640,4641,4642
5601:13053,12301,8849,11205,12628,12627,9544,13018,11415,13008,13082,4626,11213,11195,13017,13084,11425,11872,10791,11354,8965,12727,13074,11207,13043,11208,8928,8961,4622,4623
5604:12636,10099,4634,8985,11358,8778,4629,9992,11191,8792,10110,4642,7329,12750,8796,12751,9022,11188,4630,4622,4623,4624,4625,4626,4627,4628,4631,4632,4635,4636
5607:9100,11278,9097,9034,13072,12863,11358,13035,13037,13045,13043,12303,4622,4623,4624,4625,4626,4627,4628,4629,4630,4631,4632,4634,4635,4636,4637,4638,4639,4640
5608:9097,8395,8848,13072,12294,10791,8965,12727,13043,11208,8928,8961,4622,4623,4624,4625,4626,4627,4628,4629,4630,4631,4632,4634,4635,4636,4637,4638,4639,4640
5622:11213,11271,8840,7726,12298,13090,9091,13101,13027,4640,11269,12861,10784,12294,12345,12342,4622,4623,4624,4625,4626,4627,4628,4629,4630,4631,4632,4634,4635,4636
5623:9091,8840,7726,12339,13027,13071,4640,4624,8918,11145,12488,12340,11189,12343,8916,11359,12620,12622,12626,11269,13092,11213,12303,11208,11207,4622,4623,4625,4626,4627
5624:8839,13020,9551,10785,12754,12304,11181,8786,12758,9096,12618,13167,12620,11284,13133,8850,8844,11149,13139,8846,12301,12290,11150,13013,11271,11144,9088,13171,11180,8841
5629:7501,9580,8852,9086,12301,11145,10116,8835,10112,8840,10111,13061,9586,9826,12351,13019,10106,12297,9094,12304,9534,9033,9104,11208,12483,13062,12350,4622,4623,4624
5635:8787,9096,12618,13167,12620,11284,13133,8850,8844,11149,13139,8846,12301,12290,11150,13013,11271,11144,9088,13171,11180,8841,8849,11151,13134,11275,12631,12621,11272,11278
5641:8833,8848,9992,8986,11209,10107,11275,9089,9090,11272,12741,11279,11825,10106,9316,10786,9510,7520,7512,12861,10789,9825,8891,12726,11273,8919,4622,4623,4624,4625
5646:8833,8848,9090,13052,9579,13171,10107,11275,11151,9089,12856,11274,13096,9103,11272,9315,12860,10106,9316,10786,9510,7520,7512,8891,8787,12628,12862,11273,12627,9083
5653:8394,11873,11417,11441,11734,8851,11427,8846,12290,11150,9088,11443,11428,8843,11426,12620,9510,9092,13064,9097,9317,12179,12180,12181,12182,12183,12173,12174,12175,12176
5654:11415,13053,13008,11195,13017,11872,12179,12180,12181,12182,12183,12173,12174,12175,12176,12177,12178,7168,7511,12184,12185,12186,12187,8394,11432,12200,12201,12378,12379,12380
5655:8789,11206,11182,12179,12180,12181,12182,12183,12173,12174,12175,12176,12177,12178,7168,7511,12184,12185,12186,12187,8394,11432,12200,12201,12378,12379,12380,11424,11442,8395
5658:11418,11419,12179,12180,12181,12182,12183,12173,12174,12175,12176,12177,12178,7168,7511,12184,12185,12186,12187,8394,11432,12200,12201,12378,12379,12380,11424,11442,8395,4634
5666:11427,8394,11441,8851,8846,12290,11150,9088,11443,11428,8843,11426,12620,9510,9092,11975,13064,9097,9317,12179,12180,12181,12182,12183,12173,12174,12175,12176,12177,12178
5671:11432,11414,11435,11439,11434,12179,12180,12181,12182,12183,12173,12174,12175,12176,12177,12178,7168,7511,12184,12185,12186,12187,8394,12200,12201,12378,12379,12380,11424,11442
5696:7508,11422,9025,12184,12185,12186,12187,11423,11437,7526,7329,7330,9029,8778,11807,11429,12748,12179,12180,12181,12182,12183,12173,12174,12175,12176,12177,12178,7168,7511
5708:7526,7512,7508,7505,11437,7500,7329,7330,9509,12748,7331,8854,9029,10096,12757,13114,12179,12180,12181,12182,12183,12173,12174,12175,12176,12177,12178,7168,7511,12184
5743:9505,7331,12437,11807,10096,12735,12484,9983,8775,10011,12179,12180,12181,12182,12183,12173,12174,12175,12176,12177,12178,7168,7511,12184,12185,12186,12187,8394,11432,12200
5745:7520,7516,7331,12759,10096,12179,12180,12181,12182,12183,12173,12174,12175,12176,12177,12178,7168,7511,12184,12185,12186,12187,8394,11432,12200,12201,12378,12379,12380,11424
5764:7526,7508,11437,7329,7330,9029,12179,12180,12181,12182,12183,12173,12174,12175,12176,12177,12178,7168,7511,12184,12185,12186,12187,8394,11432,12200,12201,12378,12379,12380
5779:7508,11437,7526,7329,9094,7330,9029,9020,7167,9092,11147,9089,12179,12180,12181,12182,12183,12173,12174,12175,12176,12177,12178,7168,7511,12184,12185,12186,12187,8394
5780:13167,12493,13139,12478,11150,13170,7164,8848,7166,8920,5022,5023,12491,7163,9097,12853,9580,5024,12856,8852,9086,13131,12301,11145,10116,13087,8835,11179,11412,10783
5781:8393,10106,8421,11207,12179,12180,12181,12182,12183,12173,12174,12175,12176,12177,12178,7168,7511,12184,12185,12186,12187,8394,11432,12200,12201,12378,12379,12380,11424,11442
5782:13060,12179,12180,12181,12182,12183,12173,12174,12175,12176,12177,12178,7168,7511,12184,12185,12186,12187,8394,11432,12200,12201,12378,12379,12380,11424,11442,8395,4634,4638
5783:12493,13139,11150,8848,12491,9097,13087,11179,12179,12180,12181,12182,12183,12173,12174,12175,12176,12177,12178,7168,7511,12184,12185,12186,12187,8394,11432,12200,12201,12378
5784:12295,12291,12299,12300,12303,12302,12179,12180,12181,12182,12183,12173,12174,12175,12176,12177,12178,7168,7511,12184,12185,12186,12187,8394,11432,12200,12201,12378,12379,12380
5785:9099,13025,9028,12179,12180,12181,12182,12183,12173,12174,12175,12176,12177,12178,7168,7511,12184,12185,12186,12187,8394,11432,12200,12201,12378,12379,12380,11424,11442,8395
5786:13133,7514,9088,7310,11279,7309,8853,11273,8903,12179,12180,12181,12182,12183,12173,12174,12175,12176,12177,12178,7168,7511,12184,12185,12186,12187,8394,11432,12200,12201
5787:9100,13115,12179,12180,12181,12182,12183,12173,12174,12175,12176,12177,12178,7168,7511,12184,12185,12186,12187,8394,11432,12200,12201,12378,12379,12380,11424,11442,8395,4634
5789:12179,12180,12181,12182,12183,12173,12174,12175,12176,12177,12178,7168,7511,12184,12185,12186,12187,8394,11432,12200,12201,12378,12379,12380,11424,11442,8395,4634,4638,4639
5794:13100,10117,11352,13017,11191,8855,9537,9035,13047,9022,9549,12179,12180,12181,12182,12183,12173,12174,12175,12176,12177,12178,7168,7511,12184,12185,12186,12187,8394,11432
5796:7169,12478,8789,12493,12479,11206,12483,12482,11182,12489,9824,12487,12488,12758,12480,12179,12180,12181,12182,12183,12173,12174,12175,12176,12177,12178,7168,7511,12184,12185
5797:13080,10117,13100,7167,9092,11147,9089,12179,12180,12181,12182,12183,12173,12174,12175,12176,12177,12178,7168,7511,12184,12185,12186,12187,8394,11432,12200,12201,12378,12379
5825:7328,12490,12179,12180,12181,12182,12183,12173,12174,12175,12176,12177,12178,7168,7511,12184,12185,12186,12187,8394,11432,12200,12201,12378,12379,12380,11424,11442,8395,4634
5826:11271,8837,9097,13115,8851,8846,10788,8835,7522,10112,8855,7510,13136,11433,9092,9826,12297,12759,11198,12294,11194,12748,9323,8795,12179,12180,12181,12182,12183,12173
5833:7511,7507,12184,12185,12186,12187,9509,8854,11417,8778,12757,13114,11807,11429,12748,12179,12180,12181,12182,12183,12173,12174,12175,12176,12177,12178,7168,8394,11432,12200
5834:7515,7516,4632,9083,12340,12179,12180,12181,12182,12183,12173,12174,12175,12176,12177,12178,7168,7511,12184,12185,12186,12187,8394,11432,12200,12201,12378,12379,12380,11424
5835:11417,7501,8847,8854,11280,9031,13114,9325,12179,12180,12181,12182,12183,12173,12174,12175,12176,12177,12178,7168,7511,12184,12185,12186,12187,8394,11432,12200,12201,12378
5838:9092,8837,8851,8846,10788,8835,7167,7522,10112,7510,13136,11433,9826,11147,12297,12759,9089,11198,12294,11194,12748,9323,8795,12179,12180,12181,12182,12183,12173,12174
5840:9554,7329,11352,11191,11358,9100,13100,9537,13037,9035,13047,9022,13045,9549,13043,12303,12179,12180,12181,12182,12183,12173,12174,12175,12176,12177,12178,7168,7511,12184
5842:7164,10111,12622,9087,13170,8783,9581,8846,11152,11150,8841,8833,12625,12621,12620,12351,12296,11270,11210,13040,8990,12179,12180,12181,12182,12183,12173,12174,12175,12176
5844:11432,7164,8393,7508,11437,7526,7329,7330,11434,9029,8783,10106,8421,11207,12179,12180,12181,12182,12183,12173,12174,12175,12176,12177,12178,7168,7511,12184,12185,12186
5846:12179,12180,12181,12182,12183,12173,12174,12175,12176,12177,12178,7168,7511,12184,12185,12186,12187,8394,11432,12200,12201,12378,12379,12380,11424,11442,8395,4634,4638,4639
5848:12179,12180,12181,12182,12183,12173,12174,12175,12176,12177,12178,7168,7511,12184,12185,12186,12187,8394,11432,12200,12201,12378,12379,12380,11424,11442,8395,4634,4638,4639
5849:12347,10097,9542,11212,11192,9035,11181,11195,11354,11194,11197,12345,12179,12180,12181,12182,12183,12173,12174,12175,12176,12177,12178,7168,7511,12184,12185,12186,12187,8394
5851:13062,9983,4632,13028,9083,12340,12179,12180,12181,12182,12183,12173,12174,12175,12176,12177,12178,7168,7511,12184,12185,12186,12187,8394,11432,12200,12201,12378,12379,12380
5852:13054,12179,12180,12181,12182,12183,12173,12174,12175,12176,12177,12178,7168,7511,12184,12185,12186,12187,8394,11432,12200,12201,12378,12379,12380,11424,11442,8395,4634,4638
5853:9103,9315,7161,13171,11151,8852,12856,11274,9091,8837,13013,12860,8851,8840,13052,8846,13058,13056,13096,12351,10788,8835,7522,10112,7510,13057,13009,13136,11433,13043
5855:8393,10117,13100,10106,7167,8421,9092,11147,11207,9089,12179,12180,12181,12182,12183,12173,12174,12175,12176,12177,12178,7168,7511,12184,12185,12186,12187,8394,11432,12200
5856:9097,8848,11150,8395,8394,12493,11441,13139,8851,11427,9104,8846,12290,9088,11443,11428,8843,12491,11426,12620,12294,9510,9092,13064,13087,11179,9317,12179,12180,12181
5884:8387,5034,4622,4623,4624,4625,4626,4627,4628,4629,4630,4631,4632,4634,4635,4636,4637,4638,4639,4640,4641,4642,4643,5022,5023,5024,5027,5028,5029,5031
5886:7328,12179,12180,12181,12182,12183,12173,12174,12175,12176,12177,12178,7168,7511,12184,12185,12186,12187,8394,11432,12200,12201,12378,12379,12380,11424,11442,8395,4634,4638
5887:7328,8847,12179,12180,12181,12182,12183,12173,12174,12175,12176,12177,12178,7168,7511,12184,12185,12186,12187,8394,11432,12200,12201,12378,12379,12380,11424,11442,8395,4634
17:5033,8990,8845,8789,10111,12620,12492,8796,11210,12350,8788,4622,4623,4624,4625,4626,4627,4628,4629,4630,4631,4632,4634,4635,4636,4637,4638,4639,4640,4641
5889:10107,13092,12179,12180,12181,12182,12183,12173,12174,12175,12176,12177,12178,7168,7511,12184,12185,12186,12187,8394,11432,12200,12201,12378,12379,12380,11424,11442,8395,4634
5890:4623,4622,11925,4636,11872,4631,4643,4642,4627,7523,12179,12180,12181,12182,12183,12173,12174,12175,12176,12177,12178,7168,7511,12184,12185,12186,12187,8394,11432,12200
5894:12179,12180,12181,12182,12183,12173,12174,12175,12176,12177,12178,7168,7511,12184,12185,12186,12187,8394,11432,12200,12201,12378,12379,12380,11424,11442,8395,4634,4638,4639
5905:12179,12180,12181,12182,12183,12173,12174,12175,12176,12177,12178,7168,7511,12184,12185,12186,12187,8394,11432,12200,12201,12378,12379,12380,11424,11442,8395,4634,4638,4639
5907:7508,11437,7526,7329,7330,9029,12179,12180,12181,12182,12183,12173,12174,12175,12176,12177,12178,7168,7511,12184,12185,12186,12187,8394,11432,12200,12201,12378,12379,12380
5926:8799,8779,12347,11142,12741,8808,11925,11872,13009,4623,4622,4636,13030,8801,10097,4631,9542,11212,12733,4643,4642,12736,10005,8809,11192,9035,11181,4627,7727,11195
5930:8780,8782,8960,8788,12629,8785,4622,4623,4624,4625,4626,4627,4628,4629,4630,4631,4632,4634,4635,4636,4637,4638,4639,4640,4641,4642,4643,5022,5023,5024
5937:9541,8797,8783,8987,9551,8811,9540,8991,9542,4634,4638,4639,9098,9497,8813,8782,7723,8785,4637,8989,9544,11431,8855,10100,8962,12755,9324,10103,8795,4622
5940:8985,12179,12180,12181,12182,12183,8799,8796,8801,7160,4634,9994,8809,7727,11358,13014,8778,12732,4629,12492,12719,9989,8793,9992,11191,8792,10110,4642,7329,12490
5985:11444,7526,11431,11925,11872,4623,4622,4636,4631,4643,4642,4627,7523,4624,4625,4626,4628,4629,4630,4632,4634,4635,4637,4638,4639,4640,4641,5022,5023,5024
6016:8899,9994,9510,9494,12859,9499,9498,8985,9506,8908,9493,8984,11147,8787,9500,9505,8386,8960,9028,12343,8986,8809,9995,10787,8906,9490,11940,8903,8996,9672
6079:12620,12622,12618,11213,11145,13167,11359,12626,11269,11150,8844,13171,11180,12623,12303,12631,12621,11208,12633,9541,9103,11207,9315,13138,8883,8837,12351,9095,11280,12619
17:5033,8990,8845,8789,10111,12620,12492,8796,11210,12350,8788,4622,4623,4624,4625,4626,4627,4628,4629,4630,4631,4632,4634,4635,4636,4637,4638,4639,4640,4641
6098:11925,9086,9088,13132,12628,9093,12862,8812,13091,12627,9090,9083,13118,13048,9551,8838,9094,8836,8839,9035,11211,13114,9544,11188,12863,11193,12864,10790,12340,9988
6112:8841,13087,9580,6345,9087,11214,8909,12304,9082,9541,13019,10110,11319,13052,13023,11270,11213,8905,13011,12758,12440,11181,9033,9319,11188,9534,9031,9328,9096,12618
6122:12339,7504,7307,7169,9553,8842,8845,8776,9985,13013,12625,13090,13020,13028,9102,13091,12758,4622,4623,4624,4625,4626,4627,4628,4629,4630,4631,4632,4634,4635
6135:11271,12618,13167,12620,11150,13171,11180,12631,12621,12633,9541,9103,9315,13138,12622,8883,12351,11280,12619,9825,11211,12623,12984,11185,11183,9096,11284,9089,13133,8850
6136:8810,12725,12732,11818,11425,12635,12720,12735,12727,12888,12889,12890,12891,12892,8780,12723,12737,12730,12733,12731,12742,12736,12739,12726,12728,12721,12722,12738,10100,13038
6151:8883,9541,8811,9542,9497,8813,8782,8785,8797,8783,9544,4622,4623,4624,4625,4626,4627,4628,4629,4630,4631,4632,4634,4635,4636,4637,4638,4639,4640,4641
6152:11940,8834,12750,11209,4622,4623,4624,4625,4626,4627,4628,4629,4630,4631,4632,4634,4635,4636,4637,4638,4639,4640,4641,4642,4643,5022,5023,5024,5027,5028
6155:8782,8960,12629,4622,4623,4624,4625,4626,4627,4628,4629,4630,4631,4632,4634,4635,4636,4637,4638,4639,4640,4641,4642,4643,5022,5023,5024,5027,5028,5029
6162:8796,8789,12184,12185,12186,12187,8788,8845,8778,10111,12620,11807,12492,8801,11210,12748,11429,12350,11196,11277,12749,12750,8962,12339,12634,12490,12347,12746,12757,11197
17:5033,8990,8845,8789,10111,12620,12492,8796,11210,12350,8788,4622,4623,4624,4625,4626,4627,4628,4629,4630,4631,4632,4634,4635,4636,4637,4638,4639,4640,4641
6166:11940,8783,8782,8960,12629,9541,13052,8837,9095,12624,8844,12635,8852,11181,9033,9319,11188,11215,9328,12632,11356,9025,13024,9029,12492,8791,8919,11213,8839,13038
6168:12868,12619,11818,8387,12623,12871,11411,11807,12631,12621,8782,12618,12633,8960,5027,12735,9511,12620,12484,11874,12622,9510,12629,9983,9505,9504,10026,13114,8775,10011
6180:8813,9541,8811,8883,9542,9497,8782,8790,8785,8797,8783,9544,8842,9994,8899,11940,8838,12755,9496,9537,12861,8894,9037,4622,4623,4624,4625,4626,4627,4628
6185:5022,5023,4627,9823,8832,10001,10783,9498,4622,4623,4624,4625,4626,4628,4629,4630,4631,4632,4634,4635,4636,4637,4638,4639,4640,4641,4642,4643,5024,5027
6186:8796,8778,11148,12184,12185,12186,12187,8788,11196,8845,8837,12748,8851,12858,8789,8846,10111,12620,11807,4634,10788,8835,10112,12340,12492,8985,11358,13136,9092,9826
17:5033,8990,8845,8789,10111,12620,12492,8796,11210,12350,8788,4622,4623,4624,4625,4626,4627,4628,4629,4630,4631,4632,4634,4635,4636,4637,4638,4639,4640,4641
6190:8783,9541,11181,8797,11803,8987,9551,8811,9540,8991,9542,9497,8813,8782,8785,9544,13052,11319,13011,12440,9033,9319,11213,11188,9534,9031,9328,13039,13054,11143
6195:8851,8846,12184,12185,12186,12187,9092,8394,8837,12748,8778,11441,12290,11150,9088,11427,8843,11807,10788,8835,12620,10112,11443,11428,9510,13064,8801,9097,13136,11426
6199:10115,10107,10116,8796,10111,12635,10114,12888,12889,12890,12891,12892,9031,10100,13038,13009,13039,13010,10101,10103,11099,4622,4623,4624,4625,4626,4627,4628,4629,4630
6206:7173,7504,7307,8776,4622,4623,4624,4625,4626,4627,4628,4629,4630,4631,4632,4634,4635,4636,4637,4638,4639,4640,4641,4642,4643,5022,5023,5024,5027,5028
6207:11818,8387,11411,12868,10026,4622,4623,4624,4625,4626,4627,4628,4629,4630,4631,4632,4634,4635,4636,4637,4638,4639,4640,4641,4642,4643,5022,5023,5024,5027
6213:12200,12201,12378,12379,12380,7162,12345,9323,12635,12888,12889,12890,12891,12892,8780,11193,11179,10100,13038,13009,13039,13010,10101,10103,11099,4622,4623,4624,4625,4626
6235:7327,12200,12201,12378,12379,12380,11431,12635,12888,12889,12890,12891,12892,11193,11179,10100,13038,13009,13039,13010,10101,10103,11099,4622,4623,4624,4625,4626,4627,4628
6258:12618,9330,13167,11193,10116,12200,12201,12378,12379,12380,10115,10111,9825,10107,12620,12351,11150,13171,11180,12301,12631,12621,12633,9541,9103,10114,12741,11825,9328,9315
6261:9496,12437,8811,11099,11319,13011,12440,11213,9534,9031,13039,13054,11143,11337,13106,9036,4622,4623,4624,4625,4626,4627,4628,4629,4630,4631,4632,4634,4635,4636
6267:9579,9086,9088,13132,9093,8812,13091,4622,4623,4624,4625,4626,4627,4628,4629,4630,4631,4632,4634,4635,4636,4637,4638,4639,4640,4641,4642,4643,5022,5023
6275:9985,12862,10108,9824,9553,10117,13132,13028,8965,11188,12863,12294,12864,9988,12726,8842,9987,4622,4623,4624,4625,4626,4627,4628,4629,4630,4631,4632,4634,4635
6276:13052,10115,8852,13013,8840,13058,13056,13096,12351,9541,13057,13009,13043,13029,11181,9033,9319,13092,11188,13035,9328,8919,4622,4623,4624,4625,4626,4627,4628,4629
6278:11424,12485,12628,12862,12627,9090,9083,13118,13048,9551,8838,9094,8836,8839,9035,11211,13114,9544,11188,12863,11193,12864,10790,12340,9988,4622,4623,4624,4625,4626
6284:9583,9582,9330,8777,8812,8801,8787,12756,8789,11196,11277,12749,12750,8962,12339,12634,12490,12347,12746,12758,12757,11197,12868,11099,4622,4623,4624,4625,4626,4627
6558:10006,9825,13067,9104,12729,11273,11193,12739,8966,4622,4623,4624,4625,4626,4627,4628,4629,4630,4631,4632,4634,4635,4636,4637,4638,4639,4640,4641,4642,4643
6659:12862,13048,10115,9988,12628,12871,12627,9827,11188,9982,9090,9083,13118,9824,8984,12860,9551,9990,8838,9094,8836,12484,8839,9035,11211,13114,9544,12863,11193,12483
6661:10115,12871,9827,9982,12478,11431,12862,8984,12479,8837,12482,8851,12484,12865,9507,8846,13015,9992,10788,8835,13014,12483,10112,12488,13136,9092,9826,7522,12297,12759
6730:13045,4622,4623,4624,4625,4626,4627,4628,4629,4630,4631,4632,4634,4635,4636,4637,4638,4639,4640,4641,4642,4643,5022,5023,5024,5027,5028,5029,5031,5033
6733:12624,8964,9991,8845,12858,11198,8787,9021,13114,8789,10111,12620,8966,9020,12492,8796,11210,12350,8788,4622,4623,4624,4625,4626,4627,4628,4629,4630,4631,4632
6734:13022,13044,11277,13020,10113,13102,13096,13024,13052,11147,8963,13023,8847,13009,13048,4634,12486,13025,13010,13029,12340,9095,8985,11358,8778,13054,4629,9314,9992,11191
6736:9020,9094,12624,7508,11198,8787,13114,4622,4623,4624,4625,4626,4627,4628,4629,4630,4631,4632,4634,4635,4636,4637,4638,4639,4640,4641,4642,4643,5022,5023
6785:9094,8837,8851,9020,12294,8846,10788,8835,10112,13136,9092,9826,13132,7522,12297,12759,7510,11433,11198,11194,8965,12748,9323,8795,12726,8842,9987,4622,4623,4624
6786:8394,9094,11417,9020,13132,8965,12294,12726,8842,9987,4622,4623,4624,4625,4626,4627,4628,4629,4630,4631,4632,4634,4635,4636,4637,4638,4639,4640,4641,4642
6787:6345,7727,7726,12624,7721,7724,7722,11193,11198,8787,13114,9020,4622,4623,4624,4625,4626,4627,4628,4629,4630,4631,4632,4634,4635,4636,4637,4638,4639,4640
6789:9103,9315,7161,9094,13171,11151,12856,11274,9091,8837,12860,8851,9020,12294,8846,10788,8835,10112,13136,9092,9826,13132,7522,12297,12759,7510,11433,11198,11194,8965
6791:8841,8834,11150,8847,13090,13093,11213,9091,11270,9549,13069,13088,4622,4623,4624,4625,4626,4627,4628,4629,4630,4631,4632,4634,4635,4636,4637,4638,4639,4640
6792:11196,11150,8847,13090,11956,13093,11213,7160,9091,11270,9549,13069,13088,4622,4623,4624,4625,4626,4627,4628,4629,4630,4631,4632,4634,4635,4636,4637,4638,4639
6794:10113,12622,11280,13170,13071,11150,12624,12618,8833,12625,11144,8849,13167,12621,12620,10116,8843,12351,12296,9586,8990,8846,11284,8841,13086,13171,11180,12631,9581,12633
6797:12493,12624,11144,8849,10113,8843,13071,13086,11280,13067,4622,4623,4624,4625,4626,4627,4628,4629,4630,4631,4632,4634,4635,4636,4637,4638,4639,4640,4641,4642
6862:9580,9084,9500,9541,8792,11193,11211,12303,12758,4622,4623,4624,4625,4626,4627,4628,4629,4630,4631,4632,4634,4635,4636,4637,4638,4639,4640,4641,4642,4643
6872:9091,11150,12622,11270,13170,8847,13090,9581,13093,8846,11213,11152,8841,8833,12625,12621,12620,12351,9549,13069,13088,12296,11210,13040,8990,4622,4623,4624,4625,4626
6876:11150,12618,13167,13139,12493,13135,11281,12620,8848,13171,11180,12631,12621,12633,9541,12491,9103,9097,9315,13138,12622,8883,12351,11280,12619,9825,11211,12623,13087,11179
6935:12296,13170,11284,12622,8782,8833,12625,8960,11281,12629,11360,13072,9096,12618,13167,12620,13133,8850,8844,11149,13139,8846,12301,12290,11150,13013,11271,11144,9088,13171
6946:11360,13170,11284,12622,8833,12625,11357,11281,13105,13072,11359,12491,13020,13037,13102,13050,12296,13024,13018,13023,11353,9033,8853,9020,9096,12618,13167,12620,13133,8850
6947:11194,12618,13167,9099,8395,9825,10793,8848,12741,11825,12620,11150,13171,11180,9097,12631,12621,12633,9541,9103,9315,13138,12622,12294,8883,12351,12861,10789,11280,12619
6950:7163,8986,11415,9102,13038,7167,7169,11279,12726,12758,4622,4623,4624,4625,4626,4627,4628,4629,4630,4631,4632,4634,4635,4636,4637,4638,4639,4640,4641,4642
6951:9097,8395,8848,13072,12294,4622,4623,4624,4625,4626,4627,4628,4629,4630,4631,4632,4634,4635,4636,4637,4638,4639,4640,4641,4642,4643,5022,5023,5024,5027
6962:11194,6345,8837,9095,12624,8844,12635,8852,11215,12632,11356,9025,13024,9029,12492,8791,11213,8839,13038,12623,8787,9027,11354,8783,11197,12345,12342,11276,12758,8842
17:5033,8990,8845,8789,10111,12620,12492,8796,11210,12350,8788,4622,4623,4624,4625,4626,4627,4628,4629,4630,4631,4632,4634,4635,4636,4637,4638,4639,4640,4641
6997:13028,4622,4623,4624,4625,4626,4627,4628,4629,4630,4631,4632,4634,4635,4636,4637,4638,4639,4640,4641,4642,4643,5022,5023,5024,5027,5028,5029,5031,5033
7014:12618,13167,8811,8922,8812,12751,9533,12620,11150,13071,8897,13171,11180,4640,4624,12631,12621,12633,8918,9541,12488,9103,11189,9315,13138,12622,8883,12343,12351,8916
7018:9086,9088,13132,9580,8852,12301,9093,11145,8812,13091,10116,8835,10112,8840,10111,13061,9586,9826,12351,13019,10106,12297,9094,12304,9534,9033,9104,11208,12483,13062
7023:13134,11214,8901,8847,13017,8855,7167,9318,9096,12618,13167,12620,11284,13133,8850,8844,11149,13139,8846,12301,12290,11150,13013,11271,11144,9088,13171,11180,8841,8849
7024:9580,12303,8852,9086,12301,11145,10116,8835,10112,8840,10111,13061,9586,9826,12351,13019,10106,12297,9094,12304,9534,9033,9104,11208,12483,13062,12350,4622,4623,4624
7025:9580,10110,13023,11270,8905,13170,11284,12622,8833,12625,12725,11281,11360,13072,12296,9096,12618,13167,12620,13133,8850,8844,11149,13139,8846,12301,12290,11150,13013,11271
7028:13135,13078,4634,8837,12634,8839,9095,11188,8985,12624,8844,11358,12628,12635,8852,8778,12862,12627,4629,9992,11191,8792,10110,4642,7329,9090,9083,11215,12750,12632
7030:13133,9088,9096,12300,10107,13013,13132,7514,9995,10787,11279,11273,7310,10118,9035,9034,11970,10098,12618,13167,8853,7309,13092,12620,11284,8903,12752,8422,8850,8844
7031:11281,10107,13092,13170,8850,13135,8394,8851,8846,11441,12290,11150,8833,12625,9088,11427,8843,11360,12620,12622,11284,11443,11428,9510,9092,13064,9097,12296,11426,13072
7041:8841,13087,12290,9087,13093,11273,12628,12862,12627,13048,9090,9083,11211,13118,9096,12618,13167,12620,11284,9551,8838,9094,8836,8839,13133,9035,8850,8844,13114,11149
7058:10097,9542,7511,11212,12194,12195,12196,12197,12198,12199,12347,11192,9035,11181,11195,11354,11194,11197,12345,11357,8799,12732,8916,11818,12725,12720,9036,7304,12727,12723
7098:4622,4623,4624,4625,4626,4627,4628,4629,4630,4631,4632,4634,4635,4636,4637,4638,4639,4640,4641,4642,4643,5022,5023,5024,5027,5028,5029,5031,5033,5034
7100:12635,9030,13135,13078,12634,11319,13011,12440,11213,9534,9031,13039,13054,11143,11337,13106,9036,4622,4623,4624,4625,4626,4627,4628,4629,4630,4631,4632,4634,4635
7101:13102,13022,11212,11352,13044,11360,11319,13018,13020,10113,13096,13024,8925,13052,13101,8963,13023,8847,13009,13048,13025,13010,13029,9095,13054,4622,4623,4624,4625,4626
7104:13093,11150,8847,13090,11213,9091,11270,9549,13069,13088,4622,4623,4624,4625,4626,4627,4628,4629,4630,4631,4632,4634,4635,4636,4637,4638,4639,4640,4641,4642
7107:11150,12618,13167,8847,12624,11198,11280,11442,13114,11277,11214,12620,11144,11278,13171,11180,11213,12631,12621,12633,9541,13091,9103,7501,12634,9315,13138,12622,8854,8787
7246:8796,9544,10097,9542,8788,11212,12347,11192,9035,11181,11195,11354,11194,11197,12345,4622,4623,4624,4625,4626,4627,4628,4629,4630,4631,4632,4634,4635,4636,4637
7276:11803,9330,9104,8777,8812,12756,12758,4622,4623,4624,4625,4626,4627,4628,4629,4630,4631,4632,4634,4635,4636,4637,4638,4639,4640,4641,4642,4643,5022,5023
7285:11441,11415,8394,8851,8846,12290,11150,9088,11427,8843,12620,11443,11428,9510,9092,13064,13066,9097,11426,9317,4622,4623,4624,4625,4626,4627,4628,4629,4630,4631
7339:11417,11433,11428,12302,12755,10011,11415,11421,11425,11431,11418,11207,13088,11824,11826,11208,12179,12180,12181,12182,12183,12173,12174,12175,12176,12177,12178,7168,7511,12184
7345:11442,11440,8394,11441,8851,11427,8846,12290,11150,9088,11443,11428,8843,11426,12620,9510,9092,13064,9097,9317,12179,12180,12181,12182,12183,12173,12174,12175,12176,12177
7346:12179,12180,12181,12182,12183,12173,12174,12175,12176,12177,12178,7168,7511,12184,12185,12186,12187,8394,11432,12200,12201,12378,12379,12380,11424,11442,8395,4634,4638,4639
7360:11445,12476,8777,8908,9314,11824,12861,9500,11193,12179,12180,12181,12182,12183,12173,12174,12175,12176,12177,12178,7168,7511,12184,12185,12186,12187,8394,11432,12200,12201
7382:10115,13171,10107,10116,10111,9542,10117,10114,13071,13100,4640,4624,11192,9035,11195,11354,8918,11194,12488,9031,11189,12345,12343,8916,13092,4622,4623,4625,4626,4627
7529:13102,9511,13167,8997,9551,12478,13170,8960,7164,9324,7166,12726,8920,5022,5023,7163,12853,13066,5024,12856,13131,11412,10783,9989,7172,7160,12179,12180,12181,12182
7538:7521,7515,7524,7160,13023,7525,7522,7516,12179,12180,12181,12182,12183,12173,12174,12175,12176,12177,12178,7168,7511,12184,12185,12186,12187,8394,11432,12200,12201,12378
17:5033,8990,8845,8789,10111,12620,12492,8796,11210,12350,8788,4622,4623,4624,4625,4626,4627,4628,4629,4630,4631,4632,4634,4635,4636,4637,4638,4639,4640,4641
17:5033,8990,8845,8789,10111,12620,12492,8796,11210,12350,8788,4622,4623,4624,4625,4626,4627,4628,4629,4630,4631,4632,4634,4635,4636,4637,4638,4639,4640,4641
17:5033,8990,8845,8789,10111,12620,12492,8796,11210,12350,8788,4622,4623,4624,4625,4626,4627,4628,4629,4630,4631,4632,4634,4635,4636,4637,4638,4639,4640,4641
7551:9088,8394,8851,9086,8846,11441,12290,11150,11427,8843,13132,12620,11443,11428,9510,9092,13064,9097,9093,11426,8812,13091,9317,4622,4623,4624,4625,4626,4627,4628
17:5033,8990,8845,8789,10111,12620,12492,8796,11210,12350,8788,4622,4623,4624,4625,4626,4627,4628,4629,4630,4631,4632,4634,4635,4636,4637,4638,4639,4640,4641
17:5033,8990,8845,8789,10111,12620,12492,8796,11210,12350,8788,4622,4623,4624,4625,4626,4627,4628,4629,4630,4631,4632,4634,4635,4636,4637,4638,4639,4640,4641
17:5033,8990,8845,8789,10111,12620,12492,8796,11210,12350,8788,4622,4623,4624,4625,4626,4627,4628,4629,4630,4631,4632,4634,4635,4636,4637,4638,4639,4640,4641
7557:11277,13167,12478,13170,8920,5022,5023,7164,12853,5024,7166,12856,13131,7163,11412,10783,9989,7172,7160,4622,4623,4624,4625,4626,4627,4628,4629,4630,4631,4632
7559:9024,12852,9025,13131,9030,9020,9032,9027,9022,9091,9038,9028,9037,4622,4623,4624,4625,4626,4627,4628,4629,4630,4631,4632,4634,4635,4636,4637,4638,4639
7561:13167,12620,12618,12478,8845,13170,11150,13171,11180,12631,12621,8789,10111,12633,8920,5022,5023,9541,9103,7164,12853,9315,13138,12622,12492,8883,12351,5024,7166,12856
7593:9506,12725,4622,4623,4624,4625,4626,4627,4628,4629,4630,4631,4632,4634,4635,4636,4637,4638,4639,4640,4641,4642,4643,5022,5023,5024,5027,5028,5029,5031
7598:12179,12180,12181,12182,12183,12623,4622,4623,4624,4625,4626,4627,4628,4629,4630,4631,4632,4634,4635,4636,4637,4638,4639,4640,4641,4642,4643,5022,5023,5024
7602:10101,12872,12719,8775,12437,12720,9991,10793,9995,10787,12721,12746,8996,9672,10792,8897,8990,9492,4622,4623,4624,4625,4626,4627,4628,4629,4630,4631,4632,4634
7642:12636,10099,7331,11417,10096,8986,8809,4626,8899,9510,12720,9034,12754,11143,12486,12179,12180,12181,12182,12183,12173,12174,12175,12176,12177,12178,7168,7511,12184,12185
7643:7331,8891,8894,9083,10096,12179,12180,12181,12182,12183,12173,12174,12175,12176,12177,12178,7168,7511,12184,12185,12186,12187,8394,11432,12200,12201,12378,12379,12380,11424
7657:11430,13104,11276,12179,12180,12181,12182,12183,12173,12174,12175,12176,12177,12178,7168,7511,12184,12185,12186,12187,8394,11432,12200,12201,12378,12379,12380,11424,11442,8395
7775:12490,8801,9330,11188,12862,8799,11352,9098,10108,8809,12626,7727,9672,9985,9824,12304,12484,10117,12492,8793,9554,9544,8789,13010,8776,8796,13030,11196,11277,12749
8086:10113,8847,10112,12871,12618,13167,10108,10106,12351,13048,12620,11150,13171,11180,12631,12621,12301,13052,8963,12633,13017,9541,9103,9315,9580,13138,12622,13025,8840,8883
8206:12862,9330,12484,11188,10784,12626,8903,12752,10115,12304,12871,12863,9827,9982,9554,9544,13010,8776,13030,9988,8795,9824,8984,12860,13048,9990,12483,12868,4622,4623
17:5033,8990,8845,8789,10111,12620,12492,8796,11210,12350,8788,4622,4623,4624,4625,4626,4627,4628,4629,4630,4631,4632,4634,4635,4636,4637,4638,4639,4640,4641
17:5033,8990,8845,8789,10111,12620,12492,8796,11210,12350,8788,4622,4623,4624,4625,4626,4627,4628,4629,4630,4631,4632,4634,4635,4636,4637,4638,4639,4640,4641
17:5033,8990,8845,8789,10111,12620,12492,8796,11210,12350,8788,4622,4623,4624,4625,4626,4627,4628,4629,4630,4631,4632,4634,4635,4636,4637,4638,4639,4640,4641
8244:9983,8787,8386,9494,4622,4623,4624,4625,4626,4627,4628,4629,4630,4631,4632,4634,4635,4636,4637,4638,4639,4640,4641,4642,4643,5022,5023,5024,5027,5028
8245:9032,13090,9037,9025,12179,12180,12181,12182,12183,9030,13057,13009,9027,9022,9089,9038,9028,9994,8985,13014,12732,12719,9989,11270,9986,8894,12863,12742,12864,4622
8246:9983,13115,4622,4623,4624,4625,4626,4627,4628,4629,4630,4631,4632,4634,4635,4636,4637,4638,4639,4640,4641,4642,4643,5022,5023,5024,5027,5028,5029,5031
8248:12624,11319,8787,11144,13100,8849,10113,8843,13135,11281,13071,13079,13074,13086,11280,4622,4623,4624,4625,4626,4627,4628,4629,4630,4631,4632,4634,4635,4636,4637
8428:12188,12189,12190,12191,12192,12193,12618,13167,8837,8851,8846,10788,8835,7522,10112,11150,13171,11180,7510,12631,12621,13136,12633,11433,9541,9092,9826,9103,12620,12297
8440:9091,8840,7726,10006,13027,4622,4623,4624,4625,4626,4627,4628,4629,4630,4631,4632,4634,4635,4636,4637,4638,4639,4640,4641,4642,4643,5022,5023,5024,5027
8442:9091,11150,12622,11270,11210,13170,8847,11187,13090,9581,13093,8846,11213,11152,8841,8833,12625,12621,12620,12351,9549,13069,13088,12296,13040,8990,4622,4623,4624,4625
8445:11150,8395,8848,11213,8847,9097,13090,12722,13093,12294,9091,11270,9549,13069,13088,9096,12618,13167,12620,11284,13133,8850,8844,11149,13139,8846,12301,12290,13013,11271
8446:13170,11214,13038,11284,9548,9082,13092,12622,8833,12625,12342,11187,11281,11360,13072,12296,9096,12618,13167,12620,13133,8850,8844,11149,13139,8846,12301,12290,11150,13013
8448:8967,8929,11359,8922,10794,8906,11183,9026,12483,4622,4623,4624,4625,4626,4627,4628,4629,4630,4631,4632,4634,4635,4636,4637,4638,4639,4640,4641,4642,4643
8454:9091,8840,7726,13027,8846,13030,11150,9989,9996,8847,13090,13093,11213,11270,9549,13069,13088,4622,4623,4624,4625,4626,4627,4628,4629,4630,4631,4632,4634,4635
8504:11271,9099,13025,11145,11359,12620,12622,12626,11269,11213,12303,11208,11207,12179,12180,12181,12182,12183,12173,12174,12175,12176,12177,12178,7168,7511,12184,12185,12186,12187
8507:11213,9534,9580,8852,9086,12301,11145,11319,10116,8835,13011,10112,12440,8840,10111,13061,9586,9031,13039,9826,13054,12351,13019,10106,11143,11337,12297,9094,13106,9036
8593:9824,7309,12862,10108,11337,9985,10117,11188,12863,12864,9988,4622,4623,4624,4625,4626,4627,4628,4629,4630,4631,4632,4634,4635,4636,4637,4638,4639,4640,4641
8635:11149,9540,12636,8790,9096,12618,13167,12620,11284,13133,8850,8844,13139,8846,12301,12290,11150,13013,11271,11144,9088,13171,11180,8841,8849,11151,13134,11275,12631,12621
8659:8965,12342,8958,9502,12720,8987,9992,9994,11941,9500,8962,8991,8899,11940,12721,8960,8989,12757,12745,8838,8906,8959,12755,9496,9537,12861,9499,9498,8894,9037
8670:12476,11438,10118,9328,4630,8924,9496,8996,8894,12742,9499,9498,4622,4623,4624,4625,4626,4627,4628,4629,4631,4632,4634,4635,4636,4637,4638,4639,4640,4641
