26
27
52
65
66
68
79
82
98
134
136
137
139
140
142
167
176
198
201
204
217
226
230
249
250
267
268
332
337
410
412
417
420
421
424
425
426
429
432
436
438
444
445
456
457
460
461
462
464
466
467
469
476
477
478
487
492
498
502
505
507
517
519
522
538
539
541
542
543
544
545
546
558
563
564
567
575
576
587
588
590
599
600
601
609
624
630
632
640
657
660
661
664
665
666
676
678
679
682
685
686
688
691
692
694
695
696
698
704
705
708
712
713
714
723
729
730
732
742
744
747
748
751
752
753
754
761
765
772
779
783
785
788
791
793
795
797
808
812
824
832
843
848
852
854
858
859
861
862
867
869
874
876
883
885
886
888
889
892
894
902
917
927
933
935
937
939
941
946
948
950
952
954
956
973
987
988
992
1000
1005
1006
1018
1019
1020
1021
1022
1023
1024
1025
1028
1032
1034
1037
1039
1045
1050
1051
1062
1066
1072
1074
1076
1080
1087
1088
1094
1100
1101
1111
1115
1116
1122
1125
1126
1131
1132
1134
1135
1139
1151
1152
1156
1165
1166
1172
1182
1184
1185
1187
1190
1195
1197
1199
1201
1212
1219
1223
1224
1231
1232
1241
1245
1254
1257
1262
1264
1265
1277
1279
1284
1285
1286
1288
1291
1296
1298
1304
1313
1316
1327
1329
1334
1337
1341
1342
1343
1346
1348
1349
1350
1354
1358
1364
1365
1372
1373
1378
1387
1389
1390
1391
1394
1398
1408
1415
1419
1423
1424
1431
1447
1453
1459
1462
1466
1468
1471
1472
1474
1479
1481
1489
1490
1492
1500
1507
1509
1510
1514
1515
1516
1518
1520
1521
1526
1531
1533
1535
1540
1541
1543
1546
1549
1551
1557
1558
1573
1579
1606
1616
1640
1650
1656
1658
1659
1661
1755
1762
1767
1774
1787
1790
1803
1804
1814
1834
1836
1842
1847
1851
1855
1888
1891
1933
1940
1946
1951
1953
1972
1974
1986
1990
1999
2014
2020
2021
2022
2024
2026
2027
2030
2032
2034
2095
2099
2120
2124
2125
2126
2153
2157
2177
2211
2311
2361
2371
2373
2385
2395
2399
2412
2414
2416
2418
2419
2420
2421
2422
2423
2424
2425
2434
2438
2454
2456
2464
2492
2493
2494
2518
2521
2576
2588
2628
2636
2648
2651
2652
2653
2654
2658
2664
2665
2692
2704
2706
2707
2708
2709
2710
2711
2712
2715
2716
2717
2718
2720
2721
2724
2726
2727
2728
2729
2730
2731
2732
2735
2738
2740
2741
2745
2746
2747
2748
2749
2753
2757
2761
2762
2764
2765
2769
2771
2772
2773
2774
2776
2777
2780
2781
2783
2786
2790
2793
2794
2796
2797
2798
2799
2800
2804
2805
2807
2808
2809
2812
2813
2814
2816
2817
2818
2819
2820
2821
2823
2825
2826
2827
2828
2829
2830
2833
2839
2841
2843
2847
2854
2858
2866
2868
2870
2871
2874
2879
2892
2894
2898
2903
2905
2907
2913
2931
2933
2934
2936
2942
2943
2944
2947
2948
2949
2950
2952
2954
2955
2963
2970
2972
2978
2980
2982
2983
2984
2992
3000
3002
3003
3008
3010
3023
3024
3025
3027
3031
3032
3033
3037
3038
3041
3042
3044
3047
3048
3049
3051
3060
3061
3062
3063
3065
3066
3067
3068
3069
3077
3078
3103
3111
3112
3113
3115
3118
3124
3126
3133
3138
3145
3154
3158
3159
3160
3161
3163
3164
3165
3166
3178
3179
3180
3189
3192
3195
3198
3199
3203
3204
3206
3207
3210
3211
3212
3213
3215
3216
3220
3224
3226
3227
3228
3229
3230
3231
3233
3234
3235
3236
3237
3238
3239
3246
3247
3249
3253
3254
3256
3257
3258
3260
3261
3262
3264
3269
3271
3272
3275
3277
3278
3285
3286
3288
3289
3290
3291
3293
3294
3298
3299
3310
3314
3315
3322
3325
3327
3328
3330
3331
3332
3333
3336
3337
3338
3353
3354
3358
3364
3369
3372
3373
3374
3376
3379
3380
3382
3384
3386
3387
3391
3392
3394
3396
3399
3401
3403
3405
3407
3408
3409
3419
3425
3427
3428
3440
3444
3445
3449
3451
3460
3463
3470
3471
3475
3476
3481
3487
3488
3489
3493
3496
3498
3516
3517
3518
3519
3520
3523
3525
3534
3541
3542
3543
3546
3548
3550
3551
3553
3554
3557
3569
3570
3573
3575
3583
3584
3585
3588
3589
3590
3593
3596
3601
3603
3606
3608
3615
3617
3619
3620
3622
3625
3626
3635
3639
3642
3643
3644
3645
3646
3647
3648
3650
3651
3659
3662
3665
3666
3667
3671
3673
3677
3679
3680
3682
3683
3685
3687
3688
3690
3694
3695
3698
3714
3728
3729
3732
3733
3737
3738
3744
3745
3746
3747
3748
3749
3750
3754
3758
3759
3762
3776
3794
3795
3803
3804
3805
3815
3816
3817
3818
3819
3820
3821
3822
3823
3824
3825
3826
3828
3829
3830
3831
3842
3856
3862
3867
3874
3877
3880
3881
3882
3883
3884
3885
3886
3890
3895
3896
3898
3899
3902
3905
3907
3912
3919
3920
3921
3923
3926
3930
3932
3933
3936
3938
3939
3943
3944
3962
3968
3970
3986
3990
3998
4005
4006
4014
4026
4031
4032
4034
4041
4042
4048
4102
4103
4114
4118
4124
4127
4128
4129
4131
4132
4147
4167
4171
4172
4173
4175
4177
4179
4180
4181
4183
4184
4187
4189
4220
4242
4248
4249
4263
4264
4266
4268
4272
4274
4278
4328
4329
4330
4331
4332
4333
4334
4335
4336
4338
4339
4375
4383
4415
4420
4425
4428
4467
4477
4478
4485
4491
4497
4500
4505
4521
4565
4566
4570
4590
4592
4596
4597
4599
4603
4604
4605
4606
4644
4645
4646
4647
4648
4649
4650
4651
4652
4653
4654
4655
4656
4657
4658
4659
4660
4661
4662
4663
4664
4665
4667
4668
4669
4670
4671
4672
4673
4674
4675
4676
4677
4678
4679
4680
4681
4682
4683
4684
4685
4686
4688
4689
4690
4695
4698
4699
4700
4701
4702
4703
4704
4705
4707
4708
4709
4710
4711
4712
4752
4753
4757
4758
4759
4760
4761
4764
4766
4767
4769
4784
4793
4810
4824
4826
4850
4861
4879
4881
4882
4883
4886
4888
4889
4890
4892
4896
4897
4898
4911
4927
4943
4948
4952
4953
4988
4991
5060
5074
5076
5077
5080
5097
5141
5162
5174
5176
5177
5185
5186
5187
5188
5190
5192
5193
5197
5198
5201
5202
5204
5206
5212
5213
5214
5224
5231
5238
5242
5247
5261
5262
5263
5265
5266
5267
5268
5274
5281
5291
5300
5301
5302
5308
5310
5313
5318
5319
5328
5333
5334
5337
5338
5342
5344
5345
5349
5353
5354
5357
5363
5365
5367
5371
5375
5377
5379
5380
5381
5383
5384
5385
5389
5390
5393
5395
5397
5398
5399
5400
5401
5402
5403
5405
5406
5408
5412
5417
5419
5423
5424
5425
5426
5427
5429
5430
5434
5435
5437
5439
5440
5441
5443
5463
5464
5466
5467
5468
5469
5470
5471
5472
5475
5476
5477
5480
5481
5482
5483
5485
5486
5488
5491
5497
5499
5504
5505
5506
5507
5509
5510
5513
5515
5516
5517
5527
5528
5533
5535
5536
5540
5542
5546
5548
5553
5556
5558
5571
5577
5579
5582
5588
5589
5594
5600
5601
5602
5603
5604
5606
5607
5608
5614
5615
5616
5617
5618
5619
5620
5621
5622
5623
5624
5629
5631
5634
5635
5637
5638
5641
5642
5644
5646
5653
5654
5655
5657
5658
5659
5660
5662
5666
5667
5670
5671
5674
5683
5691
5696
5697
5698
5699
5703
5704
5705
5706
5707
5708
5709
5710
5712
5716
5718
5743
5744
5745
5746
5747
5748
5749
5750
5751
5752
5753
5756
5757
5758
5759
5760
5761
5762
5763
5764
5767
5768
5769
5770
5771
5773
5775
5779
5780
5781
5782
5783
5784
5785
5786
5787
5788
5789
5790
5791
5792
5793
5794
5795
5796
5797
5798
5799
5801
5806
5810
5825
5826
5827
5828
5829
5830
5831
5832
5833
5834
5835
5836
5837
5838
5839
5840
5841
5842
5843
5844
5845
5846
5847
5848
5849
5850
5851
5852
5853
5854
5855
5856
5884
5885
5886
5887
5888
5889
5890
5891
5892
5893
5894
5895
5896
5897
5898
5899
5900
5901
5902
5903
5905
5906
5907
5908
5911
5913
5914
5916
5925
5926
5930
5931
5932
5933
5934
5937
5938
5940
5944
5945
5948
5952
5953
5957
5971
5973
5974
5978
5985
5986
5988
5994
6016
6071
6075
6079
6082
6083
6084
6089
6090
6091
6092
6094
6095
6097
6098
6100
6101
6106
6107
6108
6112
6113
6114
6118
6121
6122
6128
6130
6133
6134
6135
6136
6138
6140
6142
6143
6147
6149
6151
6152
6155
6156
6157
6162
6163
6164
6165
6166
6168
6179
6180
6182
6185
6186
6188
6190
6193
6194
6195
6196
6197
6199
6200
6201
6203
6204
6205
6206
6207
6208
6209
6210
6213
6214
6219
6224
6228
6231
6232
6235
6258
6259
6261
6266
6267
6268
6271
6274
6275
6276
6278
6279
6284
6467
6468
6471
6477
6500
6505
6518
6558
6593
6596
6603
6604
6605
6611
6613
6619
6631
6634
6640
6650
6654
6655
6656
6657
6658
6659
6660
6661
6663
6664
6665
6726
6729
6730
6731
6732
6733
6734
6735
6736
6737
6738
6760
6761
6762
6763
6785
6786
6787
6788
6789
6791
6792
6793
6794
6795
6796
6797
6814
6820
6823
6835
6837
6839
6861
6862
6864
6865
6867
6868
6872
6873
6874
6875
6876
6879
6880
6910
6916
6930
6932
6935
6936
6937
6941
6942
6943
6945
6946
6947
6948
6949
6950
6951
6952
6960
6962
6965
6966
6967
6968
6969
6970
6971
6973
6976
6977
6979
6980
6983
6987
6989
6991
6992
6993
6994
6997
6998
7000
7005
7007
7011
7012
7014
7016
7018
7019
7020
7021
7022
7023
7024
7025
7026
7027
7028
7030
7031
7032
7035
7037
7041
7043
7045
7047
7051
7054
7057
7058
7059
7061
7071
7073
7080
7087
7098
7099
7100
7101
7102
7103
7104
7105
7106
7107
7110
7111
7113
7114
7115
7118
7232
7246
7250
7251
7253
7256
7264
7267
7268
7271
7274
7276
7285
7288
7293
7297
7300
7302
7333
7334
7335
7336
7337
7338
7339
7341
7342
7343
7344
7345
7346
7347
7348
7349
7350
7351
7352
7356
7358
7359
7360
7362
7363
7382
7389
7438
7441
7443
7444
7453
7468
7491
7529
7530
7531
7533
7537
7538
7539
7540
7541
7544
7545
7546
7547
7548
7550
7551
7552
7553
7555
7556
7557
7559
7560
7561
7562
7563
7567
7568
7571
7577
7580
7586
7587
7591
7593
7598
7601
7602
7642
7643
7644
7655
7657
7662
7668
7669
7674
7677
7775
7781
7785
7850
8086
8092
8198
8201
8206
8207
8212
8241
8242
8243
8244
8245
8246
8247
8248
8249
8253
8370
8372
8373
8375
8428
8439
8440
8441
8442
8443
8444
8445
8446
8447
8448
8450
8452
8453
8454
8455
8459
8465
8466
8467
8496
8497
8498
8500
8501
8502
8504
8505
8506
8507
8508
8509
8512
8513
8526
8527
8530
8531
8533
8535
8536
8538
8540
8541
8542
8543
8544
8548
8552
8560
8578
8590
8593
8600
8601
8604
8610
8614
8618
8619
8621
8622
8625
8630
8633
8635
8650
8659
8665
8669
8670
8673
8674
8678
