65:13114,13124,9989,8918,9581,4640,12488,12493,8420,11873,11412,11189,10118,9586,9024,13117,8804,9511,8922,13121,9031,13138,13115,11414,7172,8395,10006,9504,8386,11409
66:7763,13170,8389,12631,8775,4627,7165,12194,12195,12196,12197,12198,12199,11870,12173,12174,12175,12176,12177,12178,10101,9036,11413,12619,8387,7765,11735,13104,10096,5027
79:7723,13062,8776,7330,11357,13060,8781,8809,11874,13083,13034,12340,12738,13030,11941,11359,13033,13078,11804,8788,11351,11825,13019,9094,13029,13079,8391,8388,9330,11926
98:10114,8925,4628,10111,12183,9512,13129,12863,8900,13122,13047,11212,8811,8782,13008,8785,11194,9983,8845,9987,8813,8777,8780,9984,8792,8800,11277,8922,9541,9533
410:11152,12180,9538,9828,8843,11430,7504,9103,9580,7307,9029,7167,7514,7164,7308,11270,7515,7524,12184,12185,12186,12187,12200,12201,12379,12380,4639,7165,13086,7170
445:4622,4623,4624,4625,4626,4627,4628,4629,4630,4631,4632,4634,4635,4636,4637,4638,4639,4640,4641,4642,4643,5022,5023,5027,5034,7160,7161,7162,7163,7164
462:12304,11209,11281,8848,11141,13087,9580,10111,9089,13168,11360,7330,9086,12303,13098,8817,11212,7503,4632,13060,8905,11192,11353,13122,9988,11180,8796,11194,12622,11145
487:9553,9826,11186,9985,12486,12487,12489,13172,12481,9504,12483,9824,12482,11148,4627,13128,13122,12493,12754,12182,13170,13125,12484,12862,13029,11142,13131,12480,12290,11408
498:8833,13170,11284,12622,13116,8854,9083,11272,12621,12296,13133,10112,13091,8883,8845,12299,12631,11271,11281,4631,9090,9096,9088,9103,11150,13126,9330,8848,9089,13136
519:4622,4623,4624,4625,4626,4627,4628,4629,4630,4631,4632,4634,4635,4636,4637,4638,4639,4640,4641,4642,4643,5022,5023,5027,5034,7160,7161,7162,7163,7164
522:7722,12865,9542,9315,12340,9103,9082,11191,11145,9035,11824,11189,7728,9026,13029,13037,9031,10116,11408,8960,8778,11430,13138,8395,11440,9511,5022,8922,12290,8786
539:9096,8846,13013,8849,11273,12300,12290,13102,10118,12621,9825,13030,13167,13125,7508,13139,13092,9102,11319,11278,13127,11276,8817,11360,9088,13135,8836,13096,8844,13015
543:8851,8845,10110,12302,13174,9325,9098,11272,9102,13127,8787,7161,8387,9533,9103,13101,13030,13071,8780,11180,8883,12290,11211,13138,9317,13131,11408,7501,12182,8835
544:13102,13015,13090,13017,8852,13022,13092,8844,13030,13011,8843,13029,13009,13096,13052,8849,12351,11279,11148,13057,8835,13043,13010,11352,13039,11142,13013,13105,13044,13023
563:11213,11269,11270,11354,8845,9580,12626,11273,12634,9099,11152,9544,11194,9103,12180,9542,11145,11268,8852,12303,12294,12342,11359,8848,12620,12622,8849,11212,8883,8839
576:7722,12865,9542,9315,12340,9103,9082,11191,11145,11824,9035,11189,9026,7728,13029,13037,10116,8960,11430,11408,8778,9031,8395,13138,11440,9511,12297,8922,5022,12626
588:9580,9099,8845,12622,9103,12620,11273,12304,11152,8848,8839,9096,11268,11269,12626,11213,8883,10112,13131,13170,8849,7501,12634,12180,11209,11141,13106,11284,8795,12303
590:13102,13029,13013,13052,13017,11206,13022,13092,13028,13030,8852,13090,13057,13018,13096,13020,12351,13080,13105,13069,8844,13015,11148,13025,13100,7517,13056,13072,8835,11352
600:12303,11209,9089,12304,11281,13060,10111,12294,11212,7330,11141,13098,12299,13168,11360,12300,12293,12296,13087,8842,4625,8848,12297,4632,8835,11353,12301,11194,7503,8905
632:12622,11211,7501,13170,8833,12290,11408,11205,13017,11284,8963,12621,12182,8835,12631,7728,8844,9099,12296,8854,13084,5022,12299,11442,10114,12620,13091,12294,8393,8845
676:5023,5022,8832,10789,8915,9579,9583,4641,11940,8391,11807,9582,10106,9672,12439,12469,10105,11926,12493,12727,9498,11872,11280,12858,10099,12739,7722,12470,11871,7763
685:8845,11269,12626,11213,11270,12634,11268,9580,11152,12294,12622,11273,12180,9103,9099,11194,11145,12303,8839,12620,13086,8883,12440,8848,11354,13106,11359,9096,9986,10112
686:9580,12290,11211,9541,8835,9086,13017,12620,7501,12622,9511,11408,7517,9091,12304,10793,13131,9099,11180,12626,12300,8834,11209,11281,13136,12472,8846,11273,12623,12182
694:12182,11439,9330,7501,13121,12378,8839,12181,11437,11408,11434,9510,5022,12620,7164,7308,10783,13172,13131,12290,9099,9505,10792,12623,11442,11193,7514,11211,11436,12472
704:8883,8835,12290,12299,12296,12302,12293,12301,12300,11279,8843,12297,8853,12303,11286,9092,4625,7309,12294,13168,11273,4641,7166,13024,9984,13167,7160,13071,9497,11207
705:9099,9091,7501,9580,9097,12620,12290,13129,8846,11150,11211,9104,11408,12472,11273,8840,13167,12622,5022,11210,13174,12182,8835,11152,8839,11141,9825,7164,7308,12623
713:12472,11211,8848,13172,9099,13171,9095,12620,13131,12290,13167,8833,9825,13170,12622,11408,13175,9103,12623,11186,12304,13017,11210,13121,7501,9510,13168,13032,9983,12182
714:13136,8834,9104,13133,13092,13052,13087,11281,9087,13175,13015,8836,13137,13019,11273,13102,11272,12290,7501,13106,8395,12300,13069,13090,8393,11206,8840,10114,8835,7514
723:11179,9315,9317,9314,9325,9333,10118,9323,11180,9332,7724,9321,9316,9319,4622,4623,4624,4625,4626,4627,4628,4629,4630,4631,4632,4634,4635,4636,4637,4638
732:13065,13101,11192,11357,7513,9497,9549,9554,13013,13010,13008,9533,7305,13106,8843,7518,9035,7304,13060,12303,8855,9540,9537,7500,7517,9542,9029,9511,10111,13084
744:13024,13052,13017,8847,8835,8844,13064,13022,9325,5022,9553,12290,8845,7517,13054,11408,10110,11211,12351,11206,8839,13127,8963,13023,12620,13090,13131,12182,7503,8840
751:4622,4623,4624,4625,4626,4627,4628,4629,4630,4631,4632,4634,4635,4636,4637,4638,4639,4640,4641,4642,4643,5022,5023,5027,5034,7160,7161,7162,7163,7164
752:4622,4623,4624,4625,4626,4627,4628,4629,4630,4631,4632,4634,4635,4636,4637,4638,4639,4640,4641,4642,4643,5022,5023,5027,5034,7160,7161,7162,7163,7164
785:9086,9088,9093,8845,10790,8321,8915,12290,13131,5022,11408,13017,9984,9333,8924,13138,13091,7501,12620,8787,11211,9580,8777,4632,12182,9099,12622,8835,8793,13170
788:10114,10111,13129,4628,13122,12183,11212,8925,13047,9101,12863,13008,9512,12871,9984,9824,8846,11337,11210,9090,8801,12297,8395,13098,12634,9825,12491,13139,8900,7513
795:13090,11279,13102,8852,11142,13009,13022,13013,13015,13072,13027,13029,13092,13017,13043,13010,8844,11286,9553,13096,13030,11206,8849,8835,8845,11148,13052,12351,13057,11268
812:13087,12294,9087,8800,9097,13135,12304,12622,8848,8845,9580,12303,11213,11209,7501,11354,11273,9099,13096,11194,8836,9103,12182,12180,8839,8883,11212,13106,12620,13039
832:13119,11276,13171,13120,12290,9099,13169,8883,13168,9580,11280,13131,12620,11273,8848,12304,13167,11213,11277,9984,12622,11141,11194,9096,11152,8845,8835,11279,7160,11274
852:12636,11149,13131,13121,10116,13138,12489,7170,8778,12633,12618,7747,12623,12290,11430,9103,11280,11099,12619,8395,8787,12182,11434,8386,11408,8926,5022,11268,9316,7728
854:13135,9093,13098,13139,7168,13095,7161,8847,11206,13080,7501,8854,9104,13060,8840,9090,8395,10112,9100,13017,8844,12290,8835,13090,8837,9101,7513,13170,13138,8393
861:11150,11360,11281,9580,8848,11276,13122,12304,12303,8842,11209,13030,11212,10111,11141,9672,8817,7330,13125,4632,11194,9086,13098,12636,9096,10112,11197,12290,11359,8849
874:4622,4623,4624,4625,4626,4627,4628,4629,4630,4631,4632,4634,4635,4636,4637,4638,4639,4640,4641,4642,4643,5022,5023,5027,5034,7160,7161,7162,7163,7164
876:7501,9104,11192,11205,7728,8780,11147,8800,11430,10116,4622,4623,4624,4625,4626,4627,4628,4629,4630,4631,4632,4634,4635,4636,4637,4638,4639,4640,4641,4642
885:11205,11211,11442,8389,12351,12342,4624,13091,12438,11435,13027,11284,12345,10114,8963,9500,4631,7728,8898,12856,9103,8845,12622,9508,10791,11352,12860,12180,12626,12621
886:10114,13129,13122,4628,10111,12183,12863,13047,11212,12860,8925,12856,9099,11430,11147,13008,7728,11213,11352,9984,9101,8846,11337,9988,9512,12180,11351,12626,11269,12182
927:9099,9580,11269,12626,8845,11213,12620,12622,11273,12634,11270,9103,8839,11194,8848,12303,8795,12180,11268,11354,11212,12294,9542,11152,11440,8883,9544,9096,13038,11145
937:8780,7328,11354,13087,13101,12351,9104,13069,8849,11269,8845,11351,12302,12180,12342,9579,8852,9542,11273,9083,8883,13127,12626,9091,12345,13086,12622,13102,11268,12296
939:9316,12618,12633,13138,13131,12636,7170,10116,12619,13117,11149,13137,7747,12489,11434,12299,12293,8386,13121,12296,12301,13124,13133,4631,12300,12623,12290,13095,8835,10118
948:13169,13120,13119,9100,11152,11213,13171,11274,11354,7160,8837,11319,11280,9029,11194,9099,11278,12620,12622,11351,9586,11359,9580,8845,7507,11269,11192,11273,11144,10112
954:8833,13170,12622,8854,11284,11272,9083,10112,13116,11150,12621,8845,13091,13133,11271,11281,12296,8848,8883,4631,9088,12631,9096,13174,12299,13136,9330,9103,9089,12725
987:13042,13023,13044,13104,13048,12441,4640,13079,10006,11188,13061,13033,13071,9548,10110,13014,9098,13083,13024,9103,11144,13115,8959,11186,7728,13127,13105,11206,8395,12294
1005:7728,8960,11408,9036,8778,11183,8839,9332,13072,9508,10793,11412,8922,7722,9504,12469,5022,8990,7724,12290,12182,9994,4639,11440,11211,8393,4638,12441,8916,8921
1018:7501,13087,8837,8846,13069,12634,12378,13090,9330,11205,13088,9091,4622,4623,4624,4625,4626,4627,4628,4629,4630,4631,4632,4634,4635,4636,4637,4638,4639,4640
1034:13120,11152,13119,13171,11280,9580,7160,12290,11213,9099,12620,13131,13169,9100,11408,12622,11211,5022,12182,11194,11319,8845,12304,11210,12626,11278,11274,11430,8835,9825
1076:8792,12636,8777,12629,8782,8809,8960,8808,11871,13054,11430,11440,8788,4628,10116,12469,8775,10114,8804,7728,8786,8329,10006,12297,8855,12183,8779,13104,12471,11408
1087:8851,13174,9325,11272,8845,12290,8787,9102,9103,9825,9098,11408,12622,12182,12620,11211,5022,8833,8395,7514,13138,12302,7164,7308,7501,8835,12759,13167,12623,13131
1100:11269,11270,12303,11194,11213,9544,12634,11212,12626,11354,9580,11145,8848,12342,12180,8845,11359,11268,12294,13106,11209,10111,13086,9103,11351,12440,11273,8780,8852,12345
1101:9091,13069,11150,8847,8837,13095,11273,13072,11272,8854,7501,8840,13106,9097,7514,9092,8846,8395,7500,11271,8855,9549,9083,11152,13087,9089,9540,13057,13135,11206
1116:13038,13084,10112,13039,13045,11142,13010,13042,13011,12634,11269,12626,8844,13050,11212,12180,13009,9103,13082,11440,11213,13086,12440,13037,11352,9580,12303,13106,8852,13040
1126:9091,9099,9580,7501,8846,11150,13129,8840,11273,12620,12290,9097,13174,11211,13167,9104,11408,12472,12622,8847,8844,8835,11210,8839,5022,9317,9825,12182,9086,11141
1132:13174,4629,9098,12294,9672,7723,13139,8799,13175,9086,8817,12290,13131,8855,11210,12182,7514,13058,13138,9988,11211,8395,7169,8835,7501,11408,7164,7308,7160,12722
1139:9096,8846,13013,8849,11273,12300,12290,13102,10118,12621,9825,13030,13167,13125,7508,13139,13092,9102,11319,11278,13127,11276,8817,11360,9088,13135,8836,13096,8844,13015
1151:9096,11273,12489,12290,12984,12634,8849,12342,7170,13175,8846,13167,11278,11270,11276,8963,13139,12629,7747,10118,12300,13171,8395,8780,9102,12301,11319,12351,12621,11194
1166:12304,11209,10111,11281,11360,12302,12303,7330,9089,11141,13060,8817,13098,8848,7503,11353,11212,4632,11180,9102,13168,13071,7161,8905,9533,12299,12293,9086,8387,13087
1172:9096,8846,12621,8849,11273,12290,12300,13125,10118,13102,9825,13134,13167,9088,13090,12622,11142,13014,13127,13013,11214,7508,13047,13030,11286,11319,13139,11284,9102,13129
1197:13013,13090,13052,13102,13018,13048,13022,13057,8845,13017,8852,10112,13092,8849,13025,9082,13015,13009,13072,8844,13127,13020,13069,7503,7517,13028,8835,11352,13010,11279
1199:13102,13028,13044,13017,10110,8844,4640,13092,7517,13175,13015,13101,8835,13090,7503,11206,8845,13022,13030,9325,13013,13080,13009,9553,8849,8840,13023,11148,12441,8839
1224:4622,4623,4624,4625,4626,4627,4628,4629,4630,4631,4632,4634,4635,4636,4637,4638,4639,4640,4641,4642,4643,5022,5023,5027,5034,7160,7161,7162,7163,7164
1265:13121,12290,13131,11211,8833,12620,11408,12623,13170,9099,7501,8835,8839,12622,8793,13174,13138,12182,8787,11141,5022,11149,11151,11210,13167,9984,13064,12759,10116,12304
1277:11281,13087,13170,13136,11150,8854,13133,9083,9089,7501,11272,11284,9091,9090,8837,9087,13135,4631,13091,12294,12296,13119,12622,8833,13052,9097,12299,13174,9082,8840
1284:8846,12300,13125,12290,13013,9096,11273,13030,9102,13092,13102,13139,10118,11319,12621,11278,9541,11337,7508,9825,11211,8849,8852,11360,8817,12636,13043,8844,8836,13135
1285:13136,13133,8834,13092,9104,13052,11281,13087,9087,13137,13015,13102,13175,13019,8836,12290,12300,7501,10114,12299,12296,11284,13091,7517,12621,13090,8395,12351,12622,13106
1288:13170,12472,9099,12620,12290,11211,9825,13131,9580,11408,13167,8851,12182,13121,8833,12623,5022,12622,9091,12304,9984,12759,13171,11150,13017,9510,13136,8835,8787,11141
1298:12294,13087,9087,9097,9580,12304,11281,11209,11141,7501,8800,12290,11212,9099,9089,11273,7330,9086,13135,10111,12303,12182,8848,4625,4632,11408,13136,9104,8835,12180
1304:13172,7501,9316,13131,12472,8846,12752,11211,9099,11186,9553,11192,13090,9103,11273,11337,9091,12633,13129,12290,9330,9549,12618,12182,11179,9315,9314,10116,11150,11148
1316:8883,12290,12296,8835,12299,12300,12301,11273,13167,9092,11286,13168,12293,13131,9984,13116,12302,7309,13137,12297,13024,4625,7160,7166,4641,8853,11211,8843,11271,12633
1327:4622,4623,4624,4625,4626,4627,4628,4629,4630,4631,4632,4634,4635,4636,4637,4638,4639,4640,4641,4642,4643,5022,5023,5027,5034,7160,7161,7162,7163,7164
1329:8833,13170,12622,11284,13116,9083,12296,11272,8854,12621,13133,13091,8883,10112,12299,8845,12631,11271,11150,9096,9089,11281,9088,9330,4631,9090,13136,13126,8848,9103
1341:11152,9029,11270,9538,8843,9103,9828,9580,12345,13086,9554,13105,11192,11269,11213,13067,12475,12626,11803,12634,12756,12180,11354,12303,12440,12294,9542,11359,8845,11212
1346:7501,9104,9091,8837,8846,11150,8847,8840,13090,13087,11411,11273,8855,13129,9097,11205,13069,9580,9099,13088,13057,13127,11192,11147,8844,13174,12342,13078,12471,4624
1358:8845,8321,8844,9086,4632,13091,9084,13105,12634,11351,11352,7501,11269,12180,11206,9099,12351,7728,11213,13106,13057,12294,8835,13090,13084,12626,12342,9102,13132,8395
1389:13125,12300,12290,9096,11142,8846,9553,10118,12489,12621,7508,9985,13013,12483,11273,9826,13167,8966,8849,13102,8964,13139,11186,12487,11337,9504,8844,12492,11183,11433
1408:9099,8839,8845,12620,12622,9580,11273,13167,13170,8833,8848,9096,9103,12290,13171,8883,11211,11268,11152,10112,11408,12623,13131,12182,5022,7514,12180,12472,12469,7501
1459:13048,8854,9089,11284,9088,9090,13057,12621,13025,9083,13116,10112,13072,12296,13091,11281,9097,13170,13133,12631,13013,11206,8837,13134,8836,11271,12299,13135,12300,13126
1472:11271,11150,7505,11272,8839,7514,13106,11273,7500,13126,11277,10789,9092,13072,9083,13069,7163,13133,7160,7511,8395,11430,13095,4640,8964,13136,12738,8918,11196,13024
1474:7330,13168,7310,7516,7522,7525,7508,7515,7524,12184,12185,12186,12187,12200,12201,12379,12380,4643,12180,7528,7329,7164,7308,7327,11152,7171,4636,7504,4634,4622
1479:8833,13170,11284,12622,11272,8854,13116,9083,12621,13133,10112,8845,8883,13091,12296,11271,12299,12631,4631,11281,9096,9088,11150,9103,9330,8848,9090,13136,13126,12725
1481:11145,11152,7507,7504,7307,11356,13086,9533,9097,8791,13015,12343,9104,8805,11354,13033,13042,8962,13043,12290,12351,7160,12180,11430,11213,8835,12182,4638,12293,7169
1507:4622,4623,4624,4625,4626,4627,4628,4629,4630,4631,4632,4634,4635,4636,4637,4638,4639,4640,4641,4642,4643,5022,5023,5027,5034,7160,7161,7162,7163,7164
1514:10118,12634,12378,12300,7508,4632,8321,12290,8846,12294,9088,7505,13121,9333,8395,9096,9316,13087,9328,11193,4629,9330,13139,13088,12621,12301,7170,4625,9103,9086
1520:12294,12303,8783,8782,12634,11279,8842,8916,12293,4625,9026,11186,11151,4634,12482,12300,9100,12475,8835,9030,8898,11273,11207,12299,9544,11208,11357,12180,12748,12737
1521:12290,11211,8787,4622,4623,4624,4625,4626,4627,4628,4629,4630,4631,4632,4634,4635,4636,4637,4638,4639,4640,4641,4642,4643,5022,5023,5027,5034,7160,7161
1531:9089,9097,8848,11212,11209,13080,7501,11192,8395,12300,12634,9086,9544,8817,12294,8837,12342,13087,12471,11206,7724,12304,13083,8393,11205,4625,4632,13017,13132,13106
1533:8833,13170,12622,8854,11150,11284,11272,9083,13133,12621,12296,8845,9090,13174,13091,13116,12299,9088,7501,11271,4631,11281,10112,12631,9091,13126,13136,9096,9089,13087
1543:4622,4623,4624,4625,4626,4627,4628,4629,4630,4631,4632,4634,4635,4636,4637,4638,4639,4640,4641,4642,4643,5022,5023,5027,5034,7160,7161,7162,7163,7164
1546:7164,7308,12183,12182,12180,11430,12179,4625,7168,7167,7515,7524,12184,12185,12186,12187,12200,12201,12379,12380,12181,9028,7528,7170,7306,7514,4639,7327,4622,7165
1549:4622,4623,4624,4625,4626,4627,4628,4629,4630,4631,4632,4634,4635,4636,4637,4638,4639,4640,4641,4642,4643,5022,5023,5027,5034,7160,7161,7162,7163,7164
1557:4622,4623,4624,4625,4626,4627,4628,4629,4630,4631,4632,4634,4635,4636,4637,4638,4639,4640,4641,4642,4643,5022,5023,5027,5034,7160,7161,7162,7163,7164
1573:12481,12484,12863,13128,9985,9553,13116,12489,12488,12483,11195,12487,11148,12181,12182,12862,9826,12753,8894,12486,8901,9510,9027,13014,12860,9021,7724,12872,10791,12482
1579:12481,12484,12863,13128,9985,9553,13116,12489,12488,12483,11195,12487,11148,12181,12182,12862,9826,12753,8894,12486,8901,9510,9027,13014,12860,9021,7724,12872,10791,12482
1640:9499,8920,12745,8991,8996,8903,9496,8919,10786,9494,9490,8906,9498,8929,8987,8897,8902,9493,8924,9502,8925,12861,10785,8899,9500,9995,10787,9986,9497,8905
1661:11408,8960,8780,7728,12733,12730,8787,11141,8791,12440,9036,12737,8808,9541,12720,8783,12741,10792,8800,8390,9992,8776,12727,8809,10116,12725,8900,11208,8839,12739
1755:8924,8925,8915,9995,10787,10786,9496,8929,8987,8991,8996,9494,9499,9986,9490,9493,12861,9498,8923,9500,9502,9497,8921,10785,13132,12742,8919,8905,12719,9512
1767:9037,8891,12719,9499,8991,8996,9496,8925,9494,10786,8929,8987,9498,9490,11873,9493,8902,12861,9502,8924,9512,9500,12745,8920,8919,9505,10785,8969,9986,8899
1974:9510,9827,5023,5022,8832,12179,7746,12719,9031,12732,12439,9983,8915,10789,8984,9990,9507,4641,9032,9506,8391,10791,12484,12858,12633,12727,12855,12173,12174,12175
2021:5023,5022,10789,8832,11280,9583,8915,9582,4641,9672,12439,11818,8391,11926,9498,11872,9827,13114,12727,11807,11940,12493,9031,13131,12739,10099,11925,13138,12633,9579
2022:8852,13015,11142,11269,8845,11268,13078,13008,9553,12180,13092,11213,9985,12294,13047,12729,13102,8834,13022,9103,11430,12626,9027,10112,13086,11351,12303,13010,12634,11354
2024:9583,5023,5022,7306,9582,8832,12439,11144,10789,11807,9031,11818,12493,4641,9672,11940,10099,11280,8391,9090,12727,8990,11412,13114,11872,9504,8386,8965,9508,11926
2026:8852,13102,8849,12351,13022,11352,8845,11142,8843,11207,11351,13092,13074,13015,11279,13009,11268,13080,13100,9103,10112,13010,13017,13105,11213,13090,13101,8839,11269,13043
2027:13171,13169,11274,13120,13057,13119,9553,11213,10112,9985,7160,9100,11280,13078,11319,11142,8837,13017,8835,11430,11278,7507,13170,13010,13175,13098,9029,7168,8852,9318
2030:11144,7306,11280,13131,5022,9090,12633,9553,12618,5023,4631,7170,8832,8835,12619,13175,13138,12469,4641,10116,11434,13017,10789,12290,12182,7164,7308,12629,4642,7508
2032:11144,5022,7306,11280,9583,11408,13131,13024,5023,8915,7172,8990,8832,12290,9090,12620,4641,12439,10789,12182,12623,8386,12622,11211,12469,12633,8963,7164,7308,9510
2124:13052,13090,13013,13096,13057,13092,13018,13015,13102,13048,13017,13069,13022,13025,9082,8840,10112,8837,8844,7517,8845,13020,7503,13072,13029,13009,8852,13028,13087,8835
2177:12858,8984,9507,9827,9506,12854,12857,12855,9510,12871,12487,10784,9988,10791,13032,9826,12484,12872,9991,9989,9314,12856,12182,8896,9505,9990,12483,12870,12752,9553
2311:9664,7519,7512,7520,7518,7305,7510,12758,8960,9505,10096,7304,7523,9490,11414,8809,11099,11411,9583,11447,8775,8781,9512,8393,10789,7513,11435,10793,8788,8922
2421:12345,11205,12342,8389,12351,11442,11435,4624,8810,11211,12350,8781,11197,12438,12347,12180,12340,11212,12349,9500,8395,11430,12339,7330,8787,7728,4630,12303,12440,4629
2648:4622,4623,4624,4625,4626,4627,4628,4629,4630,4631,4632,4634,4635,4636,4637,4638,4639,4640,4641,4642,4643,5022,5023,5027,5034,7160,7161,7162,7163,7164
2665:10110,13044,13125,13092,9581,9103,12439,4628,5022,5023,12173,12174,12175,12176,12177,12178,8832,11409,12756,12437,10114,11436,11413,11872,12183,7722,4623,10096,13054,8391
2704:9083,13133,13170,9088,9090,9325,9511,12622,8833,11281,9091,11284,11211,9082,13136,9097,11188,12472,7517,13022,11150,11414,12621,8922,4631,9104,13087,11271,10106,9333
2706:4622,4623,4624,4625,4626,4627,4628,4629,4630,4631,4632,4634,4635,4636,4637,4638,4639,4640,4641,4642,4643,5022,5023,5027,5034,7160,7161,7162,7163,7164
2707:4622,4623,4624,4625,4626,4627,4628,4629,4630,4631,4632,4634,4635,4636,4637,4638,4639,4640,4641,4642,4643,5022,5023,5027,5034,7160,7161,7162,7163,7164
2710:11149,12636,4622,4623,4624,4625,4626,4627,4628,4629,4630,4631,4632,4634,4635,4636,4637,4638,4639,4640,4641,4642,4643,5022,5023,5027,5034,7160,7161,7162
2711:11149,12636,4622,4623,4624,4625,4626,4627,4628,4629,4630,4631,4632,4634,4635,4636,4637,4638,4639,4640,4641,4642,4643,5022,5023,5027,5034,7160,7161,7162
2716:13133,11281,13019,8395,8834,11206,13136,13175,9087,13135,8836,13087,9097,8393,13138,13092,9104,12634,8926,13137,12294,13139,9090,9089,11209,9086,9098,7728,9672,9084
2727:13034,13076,13019,13083,13060,13066,9104,13079,8849,13075,13040,13074,13008,13062,13033,9094,13035,4622,4623,4624,4625,4626,4627,4628,4629,4630,4631,4632,4634,4635
2740:8846,11273,9096,12300,13087,12290,13135,9097,12294,9087,8849,8836,13139,13092,7501,9104,13096,8844,9088,13102,12621,13013,13125,13030,10118,11150,8837,8840,7508,13138
2741:13087,7501,9104,13069,8837,11147,8840,8844,8846,11273,9089,9086,11209,8395,8836,8855,11353,11150,12290,12342,13057,11206,9091,9097,8834,13136,11205,13019,11281,8835
2745:11874,13024,8847,11214,8809,12629,11360,13030,12984,7723,13131,12301,10116,12631,7170,13175,13138,12290,13054,12633,11427,11443,11441,13048,12618,11428,9330,11426,7330,13047
2761:10110,13044,13092,13125,9103,9581,11211,12290,5022,13030,13131,8835,12622,11408,8963,12182,12620,11206,7501,13017,13138,10114,9996,8395,12304,12472,7164,7308,11209,7728
2773:9995,10787,9318,4637,10796,4642,10791,9324,4643,9317,11925,9986,10106,9320,11872,11143,9534,8796,11926,12759,11941,9319,8779,12863,8782,9091,13174,11152,8798,7160
2776:8916,12737,9082,12732,4637,9992,11143,8782,9318,12475,4634,8899,10796,11147,12721,10791,13124,4642,12173,12174,12175,12176,12177,12178,12179,9995,10787,8960,8393,12441
2780:9510,9034,12719,9318,12179,9320,12732,11143,9983,9032,9828,9025,7746,12633,12618,12248,9031,12619,12855,9082,13131,11185,9827,13138,9995,10787,4637,11735,10116,13013
2781:4631,13136,13133,8832,13175,5022,10001,7728,11211,12290,13056,8963,10791,13092,13052,13015,5023,8834,9103,9087,4637,10796,11281,12622,11408,11187,12629,12182,13127,11430
2796:12441,10006,13023,13042,13044,4640,13024,13104,8959,11188,10110,9098,8809,11185,13014,12752,13033,13048,11144,9548,8804,13115,13079,13061,8817,12751,13127,8797,11186,8782
2798:10110,13044,13092,13125,9103,9581,11211,12290,5022,13030,8835,12622,13131,11206,10114,11408,8963,12182,7501,13017,12620,8395,7724,13138,9996,12304,7728,7164,7308,11209
2800:13022,11206,13017,13102,13080,11352,13069,12351,13090,7517,8844,13100,13056,13105,13029,13028,13092,13025,13043,8835,13096,13020,13057,13030,13015,13060,13008,13062,7503,13018
2807:12303,12294,13120,9580,11269,8845,8883,9099,11273,12626,11213,8848,8843,8780,11152,8795,12620,11212,12634,8839,13171,9100,11440,9103,8852,12622,9544,11268,9542,9096
2808:10110,13044,13092,13125,9103,9581,11211,12290,13030,5022,8835,13131,12622,11206,8963,11408,10114,12182,7501,12620,13017,13138,7724,8395,9996,12304,11209,7728,12472,7164
2809:8837,11273,8846,13069,7501,11150,9104,12342,9091,8840,11147,8855,13087,13057,9097,12634,8780,13174,11411,11356,13088,11270,9544,13090,13127,11194,8847,9549,13061,11205
2812:8915,9583,10789,9498,5022,5023,9582,9672,9992,8832,9827,11818,12439,10784,8984,4641,12759,8923,11280,11413,9991,12620,10099,12493,9990,12742,8916,12726,12728,12623
2813:9086,12469,13167,8321,9088,10790,9093,8845,10106,4632,8840,7501,11408,5022,12620,12290,12182,8924,13091,11211,8915,9099,7164,7308,9104,12473,12623,9102,12476,11210
2817:8851,10110,8845,12302,13101,13174,8900,9325,9582,8387,7161,8787,9102,13127,11272,9103,8883,9098,4641,9533,9100,7309,13071,11442,7166,4625,7515,7524,12184,12185
2818:13098,4622,4623,4624,4625,4626,4627,4628,4629,4630,4631,4632,4634,4635,4636,4637,4638,4639,4640,4641,4642,4643,5022,5023,5027,5034,7160,7161,7162,7163
2821:13080,13029,9021,13017,13105,11206,13022,8835,9553,12300,13083,9033,4625,13096,13100,8844,13057,13030,13048,13102,7517,11212,13090,12294,12351,13128,13043,11207,8395,9505
2823:8833,13133,12622,13136,13170,11284,11150,11272,12621,7501,13087,11281,12296,13091,10112,8854,12299,4631,12631,8845,8883,9330,13174,9083,13116,10106,11271,9088,8848,9104
2825:8849,8838,13139,13102,12491,13034,9096,13083,12300,8834,11353,13019,13064,13121,11193,13008,11197,11212,8801,9825,9094,11147,13132,8836,12290,9104,13040,13014,11210,13079
2826:13135,13098,13060,13139,7168,9093,13095,7161,13080,13034,13137,9090,9101,11206,10112,8854,13008,7513,11281,13035,9104,13083,9100,7517,8395,12750,13138,13022,13090,13017
2830:13062,13083,13079,9094,13075,13033,13023,13042,13102,13101,13034,13066,13064,13048,13074,13022,13035,13076,11351,13017,13078,11206,13044,13060,13030,13080,11186,13029,13019,13096
2847:12622,13170,8833,8854,12631,9083,9103,11284,12621,12296,13133,12299,8883,11152,11271,8845,12290,11272,13116,9096,9088,13175,13091,11281,10112,11276,9090,4631,8395,11211
2892:5022,11280,5023,10789,9031,8832,12865,8915,9583,13168,12472,10110,9672,12479,9580,8900,4641,7163,13044,7517,11807,11209,9103,11150,11141,8391,11872,12304,9579,7722
2898:8837,11150,9089,13069,13087,8846,7501,8840,13072,9097,11273,9091,9083,11272,9090,8395,13057,11271,8855,9088,11206,12342,13133,13090,11205,9549,8854,9104,11281,12296
2903:13087,13069,8837,8846,9104,7501,9091,8840,11205,11147,9097,11353,13135,8847,12342,13057,11351,12729,7728,10114,8395,9549,11150,8926,13117,10791,11273,7528,7162,13174
2913:8846,11273,8321,9102,13135,13139,9104,13098,12300,13091,12290,9096,9088,10118,8849,9093,4632,7508,8847,7168,7513,8924,12621,10790,7501,9084,8817,11360,8812,8777
2934:9553,9826,9985,12487,12489,12486,9504,13172,9988,11186,12493,12871,12182,12862,9506,9824,9507,12290,12481,13131,13170,11408,12868,12484,9510,10791,10784,13128,5022,11210
2936:11276,11194,11273,9099,11213,12290,12620,11277,11430,13121,9096,12622,12303,8795,12634,11212,13167,9580,8839,13120,11211,13131,11197,11152,11195,8845,11269,11210,11351,11268
2942:12476,12473,12297,12469,12858,12470,12475,5022,11212,8391,5023,12490,8775,9583,10794,10793,8832,9987,9985,11440,12626,9664,12860,9579,4641,9506,12741,10784,12869,12868
2947:4622,4623,4624,4625,4626,4627,4628,4629,4630,4631,4632,4634,4635,4636,4637,4638,4639,4640,4641,4642,4643,5022,5023,5027,5034,7160,7161,7162,7163,7164
2949:4622,4623,4624,4625,4626,4627,4628,4629,4630,4631,4632,4634,4635,4636,4637,4638,4639,4640,4641,4642,4643,5022,5023,5027,5034,7160,7161,7162,7163,7164
2982:10114,4628,12183,11212,13047,9824,9985,10111,7728,12754,11214,8926,13129,8925,11352,5022,12489,13084,12871,9512,12729,9495,12863,9994,10116,11191,8922,8329,10791,11430
2983:9554,9549,9540,9533,9035,9537,12437,9542,9101,11192,8812,9541,7728,9548,10110,7724,10114,8393,10116,8926,7517,7162,12729,7528,8329,9508,8395,11211,10791,9511
3002:11353,9089,8842,11212,9544,11360,9033,10111,8905,7330,9988,11352,11209,11354,11351,13080,13083,12300,13087,12491,12304,11281,9086,8817,13017,13132,8838,9021,12294,8834
3032:11806,5034,11825,8392,8387,5027,8390,7722,10116,12626,10103,10097,10100,10099,8919,11873,11940,9582,11941,11870,11824,10101,11807,11818,11732,11738,9504,11826,11735,4642
3033:4622,4623,4624,4625,4626,4627,4628,4629,4630,4631,4632,4634,4635,4636,4637,4638,4639,4640,4641,4642,4643,5022,5023,5027,5034,7160,7161,7162,7163,7164
3042:9082,12173,12174,12175,12176,12177,12178,12194,12195,12196,12197,12198,12199,12621,5027,13127,11413,11214,12631,12619,7517,8393,13022,12633,11206,13017,11148,7507,4628,11354
3044:11412,12726,9508,9583,11824,10793,8989,9504,11409,9332,12493,8965,8386,12437,13114,8990,12872,7172,12871,11413,12865,9581,12738,9990,12626,8775,9582,4622,8792,13117
3047:13170,12622,8833,11211,11152,11408,13129,12290,11214,11284,9099,12182,7728,7501,8787,12620,8845,10114,5022,13121,13017,13131,9330,9581,10112,8835,13091,9090,11430,4631
3048:10106,10105,12476,12470,12469,12473,12475,9548,13167,11871,9032,8797,10026,13172,13052,8840,4624,9504,7514,7164,7308,12182,12181,9324,7168,4622,5022,12861,4631,7515
3049:10106,10105,12476,12470,12469,12473,12475,9548,13167,11871,9032,8797,10026,13172,13052,8840,7164,7308,12182,7514,4624,12181,4631,4641,9324,7168,9504,4622,5022,7515
3060:4622,4623,4624,4625,4626,4627,4628,4629,4630,4631,4632,4634,4635,4636,4637,4638,4639,4640,4641,4642,4643,5022,5023,5027,5034,7160,7161,7162,7163,7164
3061:13119,11213,13120,13169,11152,9100,4622,4623,4624,4625,4626,4627,4628,4629,4630,4631,4632,4634,4635,4636,4637,4638,4639,4640,4641,4642,4643,5022,5023,5027
3066:7514,7163,11271,11150,13168,8839,11273,11272,9091,7160,13106,9092,12472,8395,7517,11277,12182,7500,7501,7164,7308,12622,7505,11152,12382,8840,12290,7328,10789,13024
3067:12290,13167,8883,8835,9984,13168,12620,9099,9825,11273,13171,9092,13174,8833,13131,11408,11211,13170,12622,12623,12472,13121,12300,5022,8839,8793,11286,13175,12759,12299
3068:4622,4623,4624,4625,4626,4627,4628,4629,4630,4631,4632,4634,4635,4636,4637,4638,4639,4640,4641,4642,4643,5022,5023,5027,5034,7160,7161,7162,7163,7164
3069:13056,13023,13015,13017,13048,8835,13044,13090,13022,8840,9553,13057,11148,13008,12480,8832,12473,13175,5022,9318,13050,13105,11206,11144,11268,11352,13028,12489,12984,13102
3077:11211,12290,8389,9096,11197,9101,11442,11205,11430,12300,4624,11196,12622,11212,13170,11435,8898,13121,11210,13131,12620,9553,12489,12984,11408,12182,5022,12438,13139,10114
3078:4622,4623,4624,4625,4626,4627,4628,4629,4630,4631,4632,4634,4635,4636,4637,4638,4639,4640,4641,4642,4643,5022,5023,5027,5034,7160,7161,7162,7163,7164
3111:10105,10106,12470,12476,12469,12473,12475,13167,9548,9032,11871,7507,7504,7307,8797,10026,13172,5022,11152,13015,8840,13052,4641,5023,7722,7169,12182,8832,7164,7308
3113:5023,8832,5022,8391,7722,11280,10789,9583,8388,11409,8915,12475,12476,11871,4641,10794,9582,9031,12439,8386,12727,12469,12753,12470,9027,12739,9672,8392,12493,11807
3115:5023,5022,8832,10789,12469,12470,12476,8915,10105,4641,11280,8391,10106,9582,9583,9672,12475,12473,11807,12727,12439,12739,11871,9579,12493,11818,9498,11926,10099,11940
3124:4622,4623,4624,4625,4626,4627,4628,4629,4630,4631,4632,4634,4635,4636,4637,4638,4639,4640,4641,4642,4643,5022,5023,5027,5034,7160,7161,7162,7163,7164
3126:4622,4623,4624,4625,4626,4627,4628,4629,4630,4631,4632,4634,4635,4636,4637,4638,4639,4640,4641,4642,4643,5022,5023,5027,5034,7160,7161,7162,7163,7164
3138:4622,4623,4624,4625,4626,4627,4628,4629,4630,4631,4632,4634,4635,4636,4637,4638,4639,4640,4641,4642,4643,5022,5023,5027,5034,7160,7161,7162,7163,7164
3154:11870,11871,11802,11280,8329,12294,12469,5022,11414,8321,11873,4622,4623,4624,4625,4626,4627,4628,4629,4630,4631,4632,4634,4635,4636,4637,4638,4639,4640,4641
3158:8846,11273,12290,7501,9096,9825,9099,12300,13139,9104,8854,13135,13167,11211,13131,9091,13138,11408,8847,10112,12621,9088,13092,13170,13090,11150,11272,12622,12620,9086
3160:9088,13133,9084,11271,4622,4623,4624,4625,4626,4627,4628,4629,4630,4631,4632,4634,4635,4636,4637,4638,4639,4640,4641,4642,4643,5022,5023,5027,5034,7160
3161:9104,13137,13098,7309,7513,13060,13135,7168,9101,9093,11281,8835,9092,12299,7161,9090,12293,12290,12300,10112,12297,8847,12296,8848,13139,12301,4632,9100,7501,4625
3164:4622,4623,4624,4625,4626,4627,4628,4629,4630,4631,4632,4634,4635,4636,4637,4638,4639,4640,4641,4642,4643,5022,5023,5027,5034,7160,7161,7162,7163,7164
3166:13139,13135,13098,12300,12290,13060,7168,7161,11281,9096,7517,8846,9093,13013,4629,9672,13030,10118,12621,7508,11211,8835,10793,11425,10114,13125,9511,11430,12294,12293
3203:9086,9084,4622,4623,4624,4625,4626,4627,4628,4629,4630,4631,4632,4634,4635,4636,4637,4638,4639,4640,4641,4642,4643,5022,5023,5027,5034,7160,7161,7162
3216:9096,8846,11273,12290,12300,13125,13102,13092,13013,11278,11319,13167,8849,10118,12621,9102,11142,13030,9825,13139,7508,13086,11151,13127,12860,4632,12856,9088,11099,13022
3226:11192,13087,11205,8837,9580,12342,9099,7501,11351,11442,8780,9534,11194,12729,11269,9084,8321,11440,12347,13091,10791,9097,4628,11150,8855,9091,9030,9086,13132,11195
3227:11193,12378,9330,9319,9316,9320,12634,9328,12347,13121,9318,13172,9020,7505,9333,8959,13088,9323,9082,11738,9103,8900,8960,12870,8812,8839,11143,13056,8778,7764
3228:9330,11193,12378,12347,9316,13088,9319,12634,9082,11445,9318,11442,8959,13172,13121,8960,7505,9328,8900,11738,10783,12339,9333,9320,12870,11143,11439,11214,8812,13078
3229:13056,11187,4631,11870,12493,13067,13172,9103,13050,9320,12378,11925,9094,9318,10001,11183,11143,8899,8832,12855,12634,12719,9510,9082,9330,13083,12870,13078,8960,11411
3230:9319,9320,9328,9316,9323,9324,9317,12378,9325,9333,11179,11193,12634,9315,9318,7724,9330,10118,13172,11182,11181,7505,9321,11180,9103,13088,9322,9314,9102,13121
3231:9316,9317,9332,11179,9315,9325,10118,9314,9333,11180,7724,12618,13131,10116,9324,12633,9328,9323,9321,13138,12619,8833,13117,9322,11182,13124,12290,8898,11268,8386
3234:8837,7501,13088,13087,9580,8847,9104,13090,13069,9091,13129,11192,8855,11411,8840,9321,13057,9317,13078,8846,11205,8844,12342,11360,11273,11150,7724,12471,11193,9097
3236:11193,12347,11191,11351,7507,11195,11192,11194,11359,9094,12339,9544,8962,8781,12754,12378,8799,8776,12634,13067,11802,7501,11152,8832,10001,7724,7728,13172,9330,11212
3237:9094,13056,13083,13172,13078,13034,9318,9103,9320,4631,13076,12378,13067,13033,11187,13008,13066,10001,13075,13019,11870,11143,8849,13079,12855,8832,13074,12634,12719,9082
3238:9328,9321,9316,9323,9320,9333,9319,11193,9332,7728,8810,10118,11179,12634,12378,9315,9082,8960,11182,7724,9317,11181,9322,9314,12347,8801,9325,8898,13121,9020
3254:11213,13169,11152,13119,11280,13120,11430,12182,7160,13171,11408,12620,12290,9099,7164,7308,13131,11211,11141,13121,7514,12469,12180,12622,9580,5022,9825,9985,13167,11210
3257:11272,11271,13106,13069,11150,13072,11273,7505,7500,7514,13095,9083,8839,9092,11279,11277,10789,13134,13126,12473,9540,12738,13024,9549,8395,11206,11284,12296,12299,9090
3258:9084,9089,12300,11278,13100,13135,8395,13095,13086,9544,13080,12294,11212,13132,8840,11206,4625,13083,13138,12634,9088,9033,13106,13058,8393,12491,9021,8834,13072,13034
3262:9672,11150,8926,7728,7514,13106,10791,9104,7505,4632,11430,7501,8329,8321,12378,8395,4637,7500,12180,11447,4643,12182,13136,11281,12729,13090,12290,12183,12634,9511
3275:10114,10111,4628,11212,8844,12183,13008,13122,8787,11206,11214,13030,13017,8395,8846,9101,11191,13100,12351,12290,8835,13056,12871,13129,12300,8926,9325,13096,13135,9083
3293:11874,5027,9492,8923,8916,12619,12633,11413,12173,12174,12175,12176,12177,12178,12618,12194,12195,12196,12197,12198,12199,12756,12438,12623,8387,9500,11738,8965,8393,12721
3294:11825,11925,11826,11824,11807,10100,11735,13134,8832,8387,8389,7165,10001,12248,4627,12872,13104,10101,11802,9036,10022,9538,11732,11870,11872,10096,11211,8775,10103,8392
3298:9988,12487,12856,9553,9826,12863,13122,4628,9827,12862,12485,12860,9824,12484,9985,9507,9506,9987,8984,12482,12489,12754,12483,11186,10114,12871,8896,9504,12858,13032
3315:12438,11198,12439,8786,10014,8787,9328,13037,8792,10022,8778,13088,13025,12754,13048,11182,13008,11197,9318,10010,11956,13062,11436,8836,7175,11975,12476,11439,8391,10105
3322:12474,11207,12471,4629,13088,8321,12756,12757,11208,13096,11143,13028,13064,8855,8781,8787,7724,7169,9828,12737,9990,13075,9323,13138,12726,4622,7172,12437,4638,11409
3325:9492,11871,11412,9102,11824,11873,11826,7172,9990,11409,9325,8386,9504,12736,12726,12728,4622,9508,8387,11818,12439,11825,12437,8965,11870,9583,13172,11413,12731,11144
3327:9511,11871,11414,7747,7305,7517,8421,8792,9024,12472,9038,9664,8813,12491,11804,9083,11803,10098,9551,9090,8782,11818,4623,10102,8834,11180,9098,12865,9091,8894
3332:12474,4629,12471,11207,12756,8321,12757,11208,11410,13088,4626,12726,7170,4638,13064,7162,8395,4639,7728,7528,4640,7307,12747,4623,4624,8393,11824,7724,7327,7515
3336:11144,7306,9090,10789,5023,12470,8832,9498,5022,8915,9582,9672,11807,4638,4624,11411,9583,9493,10105,11410,12476,4626,12439,8923,12469,8899,12870,10790,12747,4641
3353:10105,12470,10106,12469,12476,12473,12475,13167,7507,7504,9548,7307,9032,11871,5022,4641,5023,11152,8832,10026,13015,13172,7164,7308,12182,7169,12180,10789,7170,8797
3384:12342,12345,12351,11212,12634,12347,11205,11269,8389,12340,12303,11213,8810,11442,12180,12294,12626,10114,11435,8834,11145,12440,9544,4624,11270,11194,11211,8898,12438,13086
3386:4622,4623,4624,4625,4626,4627,4628,4629,4630,4631,4632,4634,4635,4636,4637,4638,4639,4640,4641,4642,4643,5022,5023,5027,5034,7160,7161,7162,7163,7164
3387:12345,4622,4623,4624,4625,4626,4627,4628,4629,4630,4631,4632,4634,4635,4636,4637,4638,4639,4640,4641,4642,4643,5022,5023,5027,5034,7160,7161,7162,7163
3391:9092,13170,11433,12472,13171,12290,8838,11211,12182,12620,11408,7164,7308,13167,11210,9825,7514,5022,9099,9091,7168,13121,7160,7309,8847,12623,12469,11441,13017,12622
3392:13137,9101,7513,8847,7309,9090,9104,12437,9092,12482,13080,13008,8848,11272,9087,7168,9534,9026,13098,13034,12378,7728,7161,8921,11360,4639,11408,7328,7515,7524
3394:13170,7168,7309,9093,4626,12623,12489,7164,7308,9586,13139,7162,12182,4643,7515,7524,12184,12185,12186,12187,12200,12201,12379,12380,4642,7170,4637,12437,9996,13017
3396:13050,12493,11807,11870,9495,8918,9033,4631,8853,11925,8806,12439,11409,8832,13114,10022,5023,8386,5022,9504,8391,8965,9508,12437,11412,9582,8388,9024,9583,8392
3399:13125,9096,12621,12300,12290,11151,10118,13013,8846,13092,11142,8849,7508,13030,11273,13102,13139,11276,12631,11337,11284,9553,13015,13131,13167,9825,12489,13175,9102,12618
3403:9540,9537,9533,9542,9549,11192,13138,9554,11209,12188,12189,12190,12191,12192,12193,9544,8813,13086,13087,10111,13091,11281,11354,12303,9580,7728,11212,11270,9828,11194
3428:12487,9506,4622,4623,4624,4625,4626,4627,4628,4629,4630,4631,4632,4634,4635,4636,4637,4638,4639,4640,4641,4642,4643,5022,5023,5027,5034,7160,7161,7162
3470:5023,5022,8832,4641,7722,10789,7763,11926,12439,9672,8391,9583,4623,9582,12727,11818,8915,7165,10099,12739,9498,9538,8389,4639,7728,11872,7307,11412,8329,12355
3471:4622,4623,4624,4625,4626,4627,4628,4629,4630,4631,4632,4634,4635,4636,4637,4638,4639,4640,4641,4642,4643,5022,5023,5027,5034,7160,7161,7162,7163,7164
3487:11144,5022,8329,7306,8804,9538,8321,11871,5023,8832,9023,11870,4623,12439,4641,12469,11413,9583,11430,10116,8391,10789,12173,12174,12175,12176,12177,12178,12623,11408
3488:13030,8775,12750,8782,13043,12475,4624,11442,8389,7526,12438,11435,11205,11441,12441,11430,7722,7728,8792,4630,8916,4639,12469,4623,8921,9500,8790,8393,12188,12189
3498:8779,10103,7723,8855,8808,12722,10096,8799,9098,8775,8805,8817,8389,9330,12378,10100,7746,9664,10112,13084,8809,11807,12629,10098,8989,12855,13054,9988,9036,7722
3517:8896,9991,12871,12858,9510,8922,13032,9994,10784,12868,9827,12854,9507,9506,12857,8984,12872,4628,12855,11195,9504,10791,12856,8918,9992,12182,12751,9990,13131,8989
3525:4622,4623,4624,4625,4626,4627,4628,4629,4630,4631,4632,4634,4635,4636,4637,4638,4639,4640,4641,4642,4643,5022,5023,5027,5034,7160,7161,7162,7163,7164
3543:8813,11430,10116,7722,7728,8785,13017,8782,9985,8790,13022,11440,12626,10791,9506,8393,8797,7762,8800,13128,7327,10006,9828,12351,4640,13050,13090,7167,12489,8788
3548:8329,7306,9538,8804,5022,11430,11818,8393,10116,8832,12469,7728,5023,4642,11408,11873,11144,11440,11413,11941,8806,11874,4623,12471,12173,12174,12175,12176,12177,12178
3569:8779,8808,8775,9023,8799,8817,7723,8780,8989,11099,11440,10006,8796,11430,9490,7722,12636,12722,8960,10116,9664,8897,11807,8777,11870,10096,12355,4639,12741,9098
3584:4622,4623,4624,4625,4626,4627,4628,4629,4630,4631,4632,4634,4635,4636,4637,4638,4639,4640,4641,4642,4643,5022,5023,5027,5034,7160,7161,7162,7163,7164
3593:8798,11197,8791,8790,8801,8809,8796,8786,8775,8781,11430,12297,8779,12758,8795,8777,12491,13047,12340,11210,4626,12490,12757,12752,9025,12868,11212,9507,11353,8810
3619:4622,4623,4624,4625,4626,4627,4628,4629,4630,4631,4632,4634,4635,4636,4637,4638,4639,4640,4641,4642,4643,5022,5023,5027,5034,7160,7161,7162,7163,7164
3650:12173,12174,12175,12176,12177,12178,5027,12194,12195,12196,12197,12198,12199,12378,9082,11413,8393,12623,4628,12756,12619,8792,7162,8799,10116,9316,12633,12631,8960,12297
3651:8796,10006,8779,8809,8792,8775,8804,8788,8790,12636,8791,8786,8777,11440,8960,11430,9023,10116,8810,9314,8783,11802,9025,11871,8808,12355,9038,8389,8800,12471
3677:12622,12290,12620,13170,13167,9099,12182,8835,8833,8883,13131,5022,8845,11273,7164,7308,11408,7501,12623,8963,7514,11211,12180,13017,9096,12299,4631,12183,13024,4625
3682:11276,13169,11277,11213,13171,11274,11197,11430,9025,11279,9985,9095,13122,13078,13175,7167,9101,9984,8852,13119,12984,13038,13120,12629,11151,13121,12301,11186,13010,11194
3683:12629,12984,12301,13171,13175,11274,12631,7170,11213,9026,11337,13032,13169,11152,11270,11192,11430,11151,9828,9029,7723,12475,9538,13122,13119,13028,9985,12296,8843,9103
3685:11284,13116,8833,13091,12621,8854,13170,12296,10112,9083,9089,12622,13126,12631,11272,9090,13133,4631,12299,11281,13013,13119,8883,8845,11271,13052,9103,13072,13048,9540
3687:13020,13064,13079,13043,13058,11360,9582,12188,12189,12190,12191,12192,12193,11409,11439,10783,8388,11436,10794,10100,11442,8386,11413,10098,12173,12174,12175,12176,12177,12178
3688:13065,7513,9497,13101,11357,12439,5023,13013,11807,8832,5022,7511,8964,11280,10789,8391,9538,4641,11269,11826,11925,13008,9672,12180,10099,12727,11872,12626,11192,11825
3690:5023,11807,5022,8832,11925,10789,11825,11280,4641,9672,8391,9583,8915,12439,11824,12727,9582,9498,12739,11826,9827,12493,9031,11926,10099,10097,11818,11872,8901,7728
3698:11152,7507,7307,7504,12343,11145,10793,13086,12626,8805,12351,13015,7728,9533,7517,11824,9511,7724,13017,8922,9506,9097,9985,12860,11356,11211,5022,8791,12182,11430
3744:4641,7514,7160,7164,7308,7166,12180,4625,13168,11430,10789,5022,12182,7515,7524,12184,12185,12186,12187,12200,12201,12379,12380,7500,4631,7309,7165,4623,8395,11271
3746:4622,4623,4624,4625,4626,4627,4628,4629,4630,4631,4632,4634,4635,4636,4637,4638,4639,4640,4641,4642,4643,5022,5023,5027,5034,7160,7161,7162,7163,7164
3748:8846,7501,13174,13087,8837,8840,9091,11150,13069,9097,11205,9104,11147,11411,10116,13127,13090,13057,13138,11273,8855,11211,9099,13135,11272,13131,9580,7728,8844,13120
3776:4622,4623,4624,4625,4626,4627,4628,4629,4630,4631,4632,4634,4635,4636,4637,4638,4639,4640,4641,4642,4643,5022,5023,5027,5034,7160,7161,7162,7163,7164
3795:4622,4623,4624,4625,4626,4627,4628,4629,4630,4631,4632,4634,4635,4636,4637,4638,4639,4640,4641,4642,4643,5022,5023,5027,5034,7160,7161,7162,7163,7164
3805:4622,4623,4624,4625,4626,4627,4628,4629,4630,4631,4632,4634,4635,4636,4637,4638,4639,4640,4641,4642,4643,5022,5023,5027,5034,7160,7161,7162,7163,7164
3818:13116,8833,11284,12621,13170,13091,12622,8854,4631,12296,10112,12631,9083,11272,12299,12725,8845,11281,9096,13126,8883,11271,13133,13119,13048,8901,9089,11189,9090,9088
3819:8833,12622,13170,11150,8845,11272,8883,10112,9099,8848,12620,12290,9096,11211,9083,9103,8854,9330,9580,11273,8846,8840,13136,9088,11271,11408,11276,13174,5022,8839
3820:9091,7501,8846,11150,9580,8840,8847,11273,13129,8837,9099,11411,13174,9104,9097,13090,11192,11205,8844,13087,9508,8855,13061,13127,11211,9541,11147,10793,9554,11272
3821:9096,8846,12290,9825,13167,11273,7508,11151,12300,11099,10118,12621,13102,11142,11276,11319,9102,13125,11278,4632,9088,13131,13092,13040,8849,11189,8817,13139,13127,13013
3822:9086,8845,8321,10790,9088,8924,9093,4632,13132,13091,8925,8812,9581,13064,12440,12620,9104,11150,9084,8777,9099,12622,8915,9333,11874,9580,12180,9986,11214,9672
3823:9099,11273,9096,9580,8845,12620,8839,12622,11152,13167,11269,12626,12345,11211,8848,11196,11213,10110,8849,11194,13129,11145,11268,12290,12180,8883,11149,9103,11212,11270
3824:13171,13120,11276,11280,13169,13119,11152,11213,9099,12620,7160,11277,12290,9100,11430,13121,5022,9825,13167,11274,12622,11319,9984,11408,11194,11210,8845,9580,12182,13131
3826:9099,12620,12622,9580,8845,8839,11273,8883,13167,8848,12304,11268,11152,12290,9096,8795,13131,13168,12180,9996,10112,11408,11211,12623,12440,13170,9103,11269,12626,7501
3831:13017,13102,8844,8835,8840,13022,13090,13015,13100,13035,13009,12351,9553,11206,13080,11148,13092,8843,10112,8845,13023,11319,13029,8839,8852,13028,7503,11352,13057,11278
3877:9101,7309,12860,7168,12183,7513,11147,12181,12869,10114,12182,12856,4639,7169,8796,9093,8905,9987,13137,13095,4643,7510,7164,7308,4637,9985,13098,13170,12437,4642
3884:8832,5023,5022,10789,9583,11280,8915,4641,12439,9672,8391,9582,9498,12727,7517,13131,12739,13028,13017,13090,9020,8835,12493,9553,13022,13138,4638,9827,11926,12633
3890:9554,9538,11152,8843,9029,13086,13135,13105,13067,11192,9533,11353,10114,12475,7728,9103,9828,7724,12345,8395,12860,11147,7517,7162,7528,12481,12756,8393,8926,13098
3895:12869,12860,12485,12856,12864,12862,11352,13125,9827,11353,9988,10114,12863,12482,9315,8899,8905,9987,8788,8842,10101,13014,13134,8796,13095,12747,4628,11142,11147,9824
3905:11276,11277,13169,11197,11430,11213,9095,11279,13121,9025,9985,13122,9101,13038,13078,7167,9984,11142,8790,13119,13170,13009,7505,9100,8393,11210,11284,13043,13010,7507
3907:13100,9983,13078,11278,13091,8840,13086,9084,8855,11319,9034,11144,8847,12621,8846,13013,8808,10114,8926,7746,11273,4628,13035,12183,11284,11214,13127,7163,10118,12290
3912:9104,4632,9101,7507,8321,10790,11430,7504,13015,9985,7307,11192,9086,11213,13098,13078,11145,8924,7513,13086,13091,13084,11354,11142,11360,13169,9580,11276,7501,11214
3923:13069,13072,11271,11272,11150,8839,13095,11277,13106,7505,9083,7514,11273,12473,11279,8854,7500,13024,9089,9092,13126,10789,9549,9540,12738,11281,13134,8848,9090,13133
3930:11276,11277,11430,9984,13121,13170,7167,9095,12290,12620,13131,5022,7164,7308,9099,13167,7170,13122,12182,9985,13169,11408,7514,11213,12623,12622,12472,12304,11211,13168
3990:9827,5022,5023,8832,9506,10784,8984,9510,10789,9507,12858,9583,12182,4641,9988,9990,11280,10791,12871,8915,9672,9992,12439,9991,8391,12727,9498,11408,12493,13032
4005:8902,8920,9490,12745,12719,8906,8903,9499,8991,8996,9496,8919,10786,8969,8958,9494,8929,8987,8894,8899,9498,9992,8897,8957,9493,8924,8915,9502,9500,12861
4006:8923,8901,9508,12861,8929,8987,8969,10786,9496,8957,8991,8996,12750,9497,10785,8965,8990,9493,12749,8924,8919,9504,8905,9494,8921,8906,9490,8959,9499,10793
4014:12739,12727,12179,12732,9032,12726,9828,9038,12720,7528,9031,7327,9583,7162,7329,12733,13025,5023,4629,7167,9034,12753,11143,7515,7524,12184,12185,12186,12187,12200
4031:4640,8420,11430,9989,9586,12489,7164,7308,12180,4629,4632,11431,8926,13121,7508,12290,12729,7728,7501,4625,11273,7170,11447,12182,12440,4642,11408,7515,7524,12184
4032:9554,9549,13087,11281,9540,13091,8840,8846,13136,9035,11319,11351,9091,9541,8837,9533,10110,9104,11278,9542,12484,7501,7517,11211,13052,11360,11205,10114,11353,8834
4048:10114,10111,11212,13122,4628,12482,12485,12860,12183,13024,11188,12871,9824,8838,12863,12856,13129,8842,13095,12872,9988,8925,11193,11337,12483,8900,13008,13125,9030,12347
4103:9034,12719,9510,9983,9032,12248,9025,12732,12179,9828,11185,13008,11143,7746,13025,9320,11735,13078,12855,12629,9031,13030,9082,8899,9827,13032,12484,9985,12984,13169
4114:4622,4623,4624,4625,4626,4627,4628,4629,4630,4631,4632,4634,4635,4636,4637,4638,4639,4640,4641,4642,4643,5022,5023,5027,5034,7160,7161,7162,7163,7164
4171:13024,13023,13042,4622,4623,4624,4625,4626,4627,4628,4629,4630,4631,4632,4634,4635,4636,4637,4638,4639,4640,4641,4642,4643,5022,5023,5027,5034,7160,7161
4181:11352,10001,9095,13172,11356,8832,11211,13128,4622,4623,4624,4625,4626,4627,4628,4629,4630,4631,4632,4634,4635,4636,4637,4638,4639,4640,4641,4642,4643,5022
4242:4622,4623,4624,4625,4626,4627,4628,4629,4630,4631,4632,4634,4635,4636,4637,4638,4639,4640,4641,4642,4643,5022,5023,5027,5034,7160,7161,7162,7163,7164
4264:4622,4623,4624,4625,4626,4627,4628,4629,4630,4631,4632,4634,4635,4636,4637,4638,4639,4640,4641,4642,4643,5022,5023,5027,5034,7160,7161,7162,7163,7164
4274:11209,11281,9089,12304,11360,10111,7330,13060,11141,12303,8848,13168,11353,13098,9086,4632,7503,11212,9544,13087,8842,8817,8905,9580,13122,11145,11354,9988,11180,11194
4328:9099,9580,12620,11273,12622,8848,8845,8839,12290,12304,13167,13131,13170,11211,11276,8883,11408,11152,9103,7501,7514,11141,11150,9096,5022,13168,12182,11272,8833,12472
4329:8833,13170,12622,11284,8854,11272,10112,9083,13116,8845,12621,8883,13133,13091,12296,11150,11281,11271,12631,8848,9089,9096,12299,9103,9088,9330,4631,9090,13136,12725
4330:4622,4623,4624,4625,4626,4627,4628,4629,4630,4631,4632,4634,4635,4636,4637,4638,4639,4640,4641,4642,4643,5022,5023,5027,5034,7160,7161,7162,7163,7164
4331:11186,9553,9985,9826,13122,13078,11408,13175,12487,12489,12472,12486,13128,13172,12301,12182,11211,12984,7728,13032,12481,9504,13171,12290,13028,12620,9103,13170,13017,7501
4332:11149,12636,12623,13121,7170,12489,7747,12290,13131,7514,8793,11408,13170,8835,13064,13138,9103,12182,11151,8805,5022,11194,11211,12620,8990,13106,7172,7164,7308,8386
4333:13131,11280,12290,12620,9099,13170,11211,12633,12618,13138,12622,12623,11268,12472,11408,5022,13171,10116,13121,8835,12182,12619,8839,9580,9825,13167,12304,8833,11141,12759
4334:13120,13119,13171,11152,13169,9100,11274,11213,7160,11280,11319,11277,9099,9580,11276,11278,12620,9984,8837,11430,12290,11194,12622,7507,11408,13121,9586,8839,11211,13170
4336:13017,8844,8835,13022,13102,8839,13131,11142,9553,11268,13092,11408,13040,13090,8845,12290,12620,13023,10112,8840,9099,13138,13064,11211,5022,13009,12622,11206,13175,13044
4338:13017,12620,12290,8835,11211,9099,5022,13131,12182,12472,13167,11408,7501,12622,8839,9984,8833,12623,7164,7308,13064,13170,12469,8963,9553,8787,7514,9825,8844,13175
4339:9093,8321,9086,9088,9104,4632,13132,12491,9084,13091,8924,10790,13137,7168,9101,7501,8395,12182,7309,13098,8925,9090,8845,12183,10116,7728,12179,13138,7164,7308
4415:9322,8799,9332,11180,9325,9321,9316,9314,12633,9511,9333,9328,12619,11413,12473,11182,12618,10026,9323,8810,9324,10102,8393,7724,13124,8898,12173,12174,12175,12176
4485:8962,4632,10001,10796,11926,4635,7160,4637,10111,7507,8393,9495,10791,9554,9995,10787,8795,9030,4642,7171,9318,10114,11192,9020,4624,12183,8794,8842,4643,12753
4590:4622,4623,4624,4625,4626,4627,4628,4629,4630,4631,4632,4634,4635,4636,4637,4638,4639,4640,4641,4642,4643,5022,5023,5027,5034,7160,7161,7162,7163,7164
4644:11807,11940,11735,11738,11874,11732,11801,11806,11941,11734,11803,11804,11873,12471,11870,11925,4642,11871,12469,11826,11926,11802,11144,8392,11818,9024,11824,5022,5023,8329
4645:4622,4623,4624,4625,4626,4627,4628,4629,4630,4631,4632,4634,4635,4636,4637,4638,4639,4640,4641,4642,4643,5022,5023,5027,5034,7160,7161,7162,7163,7164
4646:4622,4623,4624,4625,4626,4627,4628,4629,4630,4631,4632,4634,4635,4636,4637,4638,4639,4640,4641,4642,4643,5022,5023,5027,5034,7160,7161,7162,7163,7164
4647:4622,4623,4624,4625,4626,4627,4628,4629,4630,4631,4632,4634,4635,4636,4637,4638,4639,4640,4641,4642,4643,5022,5023,5027,5034,7160,7161,7162,7163,7164
4648:4622,4623,4624,4625,4626,4627,4628,4629,4630,4631,4632,4634,4635,4636,4637,4638,4639,4640,4641,4642,4643,5022,5023,5027,5034,7160,7161,7162,7163,7164
4649:4622,4623,4624,4625,4626,4627,4628,4629,4630,4631,4632,4634,4635,4636,4637,4638,4639,4640,4641,4642,4643,5022,5023,5027,5034,7160,7161,7162,7163,7164
4650:4622,4623,4624,4625,4626,4627,4628,4629,4630,4631,4632,4634,4635,4636,4637,4638,4639,4640,4641,4642,4643,5022,5023,5027,5034,7160,7161,7162,7163,7164
4651:4622,4623,4624,4625,4626,4627,4628,4629,4630,4631,4632,4634,4635,4636,4637,4638,4639,4640,4641,4642,4643,5022,5023,5027,5034,7160,7161,7162,7163,7164
4652:4622,4623,4624,4625,4626,4627,4628,4629,4630,4631,4632,4634,4635,4636,4637,4638,4639,4640,4641,4642,4643,5022,5023,5027,5034,7160,7161,7162,7163,7164
4654:4622,4623,4624,4625,4626,4627,4628,4629,4630,4631,4632,4634,4635,4636,4637,4638,4639,4640,4641,4642,4643,5022,5023,5027,5034,7160,7161,7162,7163,7164
4655:4622,4623,4624,4625,4626,4627,4628,4629,4630,4631,4632,4634,4635,4636,4637,4638,4639,4640,4641,4642,4643,5022,5023,5027,5034,7160,7161,7162,7163,7164
4658:4622,4623,4624,4625,4626,4627,4628,4629,4630,4631,4632,4634,4635,4636,4637,4638,4639,4640,4641,4642,4643,5022,5023,5027,5034,7160,7161,7162,7163,7164
4663:4622,4623,4624,4625,4626,4627,4628,4629,4630,4631,4632,4634,4635,4636,4637,4638,4639,4640,4641,4642,4643,5022,5023,5027,5034,7160,7161,7162,7163,7164
4667:7512,7520,7518,7519,7305,7510,7523,7304,13064,13083,9094,7513,13101,11433,9020,11280,7328,7514,8838,11447,11441,11414,12439,11418,11419,11421,11141,7327,13138,4625
4668:7523,7514,7168,7528,7515,7524,12184,12185,12186,12187,12200,12201,12379,12380,7525,7310,7516,7522,7167,7162,7164,7308,7306,7171,4643,7329,4636,7508,7504,4634
4670:7310,7516,7522,7525,7508,7164,7308,7504,7307,7515,7524,12184,12185,12186,12187,12200,12201,12379,12380,7528,7329,7306,7523,7171,4636,7327,4634,4622,7330,7167
4672:8804,7525,4634,7310,7516,7522,7515,7524,12184,12185,12186,12187,12200,12201,12379,12380,7170,11430,7307,8809,7329,7508,12183,7171,4636,7504,7327,7164,7308,4622
4675:7310,7516,7522,7525,7515,7524,12184,12185,12186,12187,12200,12201,12379,12380,7306,7329,7528,7508,7523,7309,4643,7327,7171,7164,7308,4636,7167,7504,4634,4622
4681:7307,7515,7524,12184,12185,12186,12187,12200,12201,12379,12380,7525,7310,7516,7522,4623,7164,7308,12378,7171,4642,7528,7329,7508,7504,4636,7327,4634,4622,4639
4684:7310,7516,7522,7525,7515,7524,12184,12185,12186,12187,12200,12201,12379,12380,7329,7508,7523,7164,7308,7171,7504,7327,4636,4634,4622,7528,7306,4640,7307,4635
4699:4622,4623,4624,4625,4626,4627,4628,4629,4630,4631,4632,4634,4635,4636,4637,4638,4639,4640,4641,4642,4643,5022,5023,5027,5034,7160,7161,7162,7163,7164
4704:4622,4623,4624,4625,4626,4627,4628,4629,4630,4631,4632,4634,4635,4636,4637,4638,4639,4640,4641,4642,4643,5022,5023,5027,5034,7160,7161,7162,7163,7164
4707:7331,4622,4623,4624,4625,4626,4627,4628,4629,4630,4631,4632,4634,4635,4636,4637,4638,4639,4640,4641,4642,4643,5022,5023,5027,5034,7160,7161,7162,7163
4711:4622,4623,4624,4625,4626,4627,4628,4629,4630,4631,4632,4634,4635,4636,4637,4638,4639,4640,4641,4642,4643,5022,5023,5027,5034,7160,7161,7162,7163,7164
4712:4622,4623,4624,4625,4626,4627,4628,4629,4630,4631,4632,4634,4635,4636,4637,4638,4639,4640,4641,4642,4643,5022,5023,5027,5034,7160,7161,7162,7163,7164
4752:11801,11940,11806,11874,11825,11941,11870,11873,11925,11824,11807,11735,11738,8392,11732,11871,11826,11804,11818,12469,11802,4642,11926,11144,9033,10794,11409,12471,11803,8388
4757:11807,11940,11806,11925,11804,11801,11732,11826,11818,11734,11738,11872,11873,11735,11926,11870,11874,11941,11803,11871,11802,4642,8392,11144,11825,11824,5023,9024,12471,5022
4758:11732,11802,11870,11925,11807,11940,11873,11801,11734,9024,11735,11874,11738,11941,11803,12471,11818,4642,11926,11144,11872,11871,12469,11804,11806,8392,11826,11824,11825,8393
4759:13174,12290,11211,11408,12620,9099,13017,13167,12472,8835,13131,13121,12182,12622,8793,13170,9086,11210,12294,5022,9825,7501,7514,13175,7164,7308,8963,7160,12304,12469
4861:12742,11824,8791,12745,12737,11825,12870,12441,11826,11818,8793,12747,11410,8781,4638,9994,8919,9533,12723,8896,10792,12725,10785,8965,8900,12720,12741,12440,9986,11411
4879:12868,11212,9987,9824,10794,9826,9553,4628,8838,11196,12750,11413,8801,13170,12860,9101,10114,13114,11210,11353,8966,5027,13129,10116,8925,12490,8901,12856,12620,12623
4883:8801,8798,13132,12297,8781,12750,11210,8959,11212,11197,12757,13139,9507,12491,8391,8793,12749,8925,8795,11445,9826,8791,12758,4628,12752,9512,12868,8924,4626,11353
4943:11818,9583,12439,9582,5023,5022,10789,8832,10099,12493,13114,12727,8386,11409,12739,9672,11412,11807,9031,8391,11413,8387,4641,11926,8915,9504,11825,9508,8990,8965
5074:11189,12441,8918,8929,8987,10786,13138,9496,9493,8991,8996,8921,8777,8924,11411,9490,9494,9497,9500,9986,12861,4638,9499,12188,12189,12190,12191,12192,12193,8923
5076:12441,8777,13028,12493,13018,13117,12349,10014,13115,13127,11970,5023,8832,5022,8391,10789,12439,4641,9672,4630,8896,13008,12727,12864,11436,9579,9583,8394,10099,10794
5077:11189,12441,8918,8777,12725,12621,12631,8929,8987,10786,11411,8420,9496,8833,8991,8996,9994,13127,12622,9493,8924,9500,8921,13117,8923,8901,9490,4638,12861,9494
5080:13032,7304,8897,12984,7517,9827,7500,12629,12301,10097,12472,9505,7163,13106,7518,12482,7170,8393,12631,9989,9024,7505,7513,4624,7514,12854,12382,13074,11192,13175
5176:9088,9096,12300,9086,8849,11273,12290,9102,13125,13102,8321,13139,13030,11214,8845,8846,10118,9084,12621,11276,13013,12634,13167,7508,9093,8844,4632,9090,13127,13091
5187:11277,11276,11279,11197,11430,13169,13122,9985,11213,9095,9984,7167,13121,9101,13078,9025,13038,13043,13010,8852,11142,13170,9554,13009,11211,12182,8790,11214,12290,10114
5197:13086,4632,13043,13047,11142,4622,4623,4624,4625,4626,4627,4628,4629,4630,4631,4634,4635,4636,4637,4638,4639,4640,4641,4642,4643,5022,5023,5027,5034,7160
5198:13086,11278,11319,8840,13100,9084,9034,13091,11144,4632,9983,12634,12294,8855,8395,13043,11206,13106,12303,11142,12290,13035,13135,11209,7169,13078,12180,13022,10111,13098
5204:11142,11151,13014,12984,12301,11186,9985,13125,13022,12631,4632,11214,12629,7170,12489,9553,8963,12634,13090,13032,13175,13027,12290,11284,12182,12378,13043,7728,11268,11430
5214:9095,11356,10001,8848,13172,8832,9103,11352,11211,12472,12486,13128,13027,8963,11186,12351,11337,9094,13015,13037,13029,11354,11143,11353,12862,9102,11205,12719,13013,9510
5261:4622,4623,4624,4625,4626,4627,4628,4629,4630,4631,4632,4634,4635,4636,4637,4638,4639,4640,4641,4642,4643,5022,5023,5027,5034,7160,7161,7162,7163,7164
5262:13175,12984,11151,13171,12629,12301,11274,12631,11186,11268,13032,7170,13014,11337,13028,9026,9828,13024,12182,9094,11270,12290,8903,9317,9985,9541,11408,13131,13138,8852
5263:4622,4623,4624,4625,4626,4627,4628,4629,4630,4631,4632,4634,4635,4636,4637,4638,4639,4640,4641,4642,4643,5022,5023,5027,5034,7160,7161,7162,7163,7164
5268:4622,4623,4624,4625,4626,4627,4628,4629,4630,4631,4632,4634,4635,4636,4637,4638,4639,4640,4641,4642,4643,5022,5023,5027,5034,7160,7161,7162,7163,7164
5281:13022,11151,13086,13043,13040,4632,11142,13127,13102,13092,13101,11099,13047,8903,7728,8926,8395,12729,12290,11206,10791,10116,13138,8329,8838,9511,12621,13048,8393,10114
5302:9992,10784,10793,8922,10785,8929,8987,10786,8894,9493,9496,9986,8969,9490,8924,8991,8996,8905,9994,8918,8891,8923,9512,12742,8921,12861,9500,9508,9494,9497
5318:9987,12485,8808,9553,8901,9502,9824,12480,9826,12726,9985,12862,9510,12182,9664,12860,9505,12863,9506,9507,12181,12872,8906,10791,12752,12481,12858,10784,8984,9988
5342:13087,9580,7501,11273,12342,11269,9099,12180,12634,12622,12626,8845,8780,8848,12294,11212,11440,12304,12620,7728,12303,11213,11351,11205,12440,11209,13106,8329,11208,8855
5354:12300,12290,11286,12293,12299,13125,8835,12296,12297,12301,13139,9083,12302,11279,4641,13030,11271,11214,4625,11273,11281,8846,12303,7166,9088,11284,12294,10116,7508,12621
5367:4632,9093,8321,8924,13091,9086,8925,9084,13132,10790,9088,13098,13060,10001,8845,12182,8812,7168,7728,7501,11411,8395,9104,4635,9505,9333,13138,8921,13105,8393
5389:11145,11356,11354,13086,11152,11213,7507,12343,7504,7307,11269,8791,13084,13015,12351,12626,13047,13042,12634,8852,13038,13106,12180,11430,8805,12303,12294,11212,12440,13033
5412:4622,4623,4624,4625,4626,4627,4628,4629,4630,4631,4632,4634,4635,4636,4637,4638,4639,4640,4641,4642,4643,5022,5023,5027,5034,7160,7161,7162,7163,7164
5417:12303,12634,11212,11213,11269,12294,11194,12626,9544,11354,11145,11207,13106,12297,11208,12180,11270,12342,13086,8795,11359,13038,7500,8395,8780,12440,11440,12293,13138,11273
5419:4622,4623,4624,4625,4626,4627,4628,4629,4630,4631,4632,4634,4635,4636,4637,4638,4639,4640,4641,4642,4643,5022,5023,5027,5034,7160,7161,7162,7163,7164
5424:11269,12626,9580,11213,9542,11194,11268,8845,9544,11270,12294,12303,12634,12180,11145,11359,11354,8839,12345,9099,11212,12620,11440,9828,8848,9986,12622,11152,8852,8780
5427:11270,11269,12342,12634,9542,11273,11213,13106,12180,12626,11194,11268,9544,8855,13038,7500,12303,9580,12294,13087,9097,9083,11351,11356,11354,9103,12440,8852,8780,13086
5435:11152,11145,13086,11356,11354,7507,12634,9029,12343,11269,13106,11213,12351,13043,7504,12303,11194,12626,9533,9580,7307,9097,11212,12180,13015,12294,8395,9538,11209,12342
5464:12294,12303,11357,13060,11207,11279,8835,12634,11152,11206,8843,13045,8395,13106,11208,11209,11281,12293,13135,12343,9083,13072,13087,8844,12297,8393,11286,12299,11212,11273
5475:4622,4623,4624,4625,4626,4627,4628,4629,4630,4631,4632,4634,4635,4636,4637,4638,4639,4640,4641,4642,4643,5022,5023,5027,5034,7160,7161,7162,7163,7164
5486:8837,13069,11150,8846,8840,7501,9091,9097,13057,8855,12342,9104,13087,11147,9549,11273,11205,8844,11411,11351,13090,11353,8847,13025,8395,10114,13061,9548,13088,11206
5505:11276,11213,9984,8852,9985,9580,11430,13122,9025,12729,7170,12984,13027,10114,7507,9101,13121,13032,11277,11269,7728,8963,9028,12301,11268,4628,12636,10791,12182,12180
5506:12732,9025,12484,12438,12179,12719,8786,12729,9828,9985,7728,9510,13128,12489,8787,7746,10116,8926,9983,13022,9034,9553,10791,8329,9511,10114,12439,8922,12754,9082
5513:12626,13086,13022,13047,11268,11151,4632,8852,11142,8804,11269,5022,9511,12180,5023,9580,9021,8832,12984,8834,11414,13101,12440,12301,13102,12634,11213,12629,7305,7517
5516:11149,12636,12489,11194,9548,7170,9103,12623,13064,13138,8395,12290,7747,11214,7728,13131,8835,13072,10116,11206,8844,11359,12293,12299,8926,12634,9672,8393,11152,9983
5556:8790,8791,8800,8783,11359,8788,8781,8780,8812,11430,10116,8805,8792,11440,7507,8777,9551,9542,9533,12636,10001,8832,9540,8797,12440,8793,7728,11194,8782,10006
5579:8794,8962,10001,8795,4632,7160,13060,4635,8793,11926,12758,12731,12753,4643,11274,8395,10791,4637,10796,11206,8393,9995,10787,13078,10020,11185,8920,4642,13138,7728
5588:4622,4623,4624,4625,4626,4627,4628,4629,4630,4631,4632,4634,4635,4636,4637,4638,4639,4640,4641,4642,4643,5022,5023,5027,5034,7160,7161,7162,7163,7164
5594:12631,12984,13175,12301,13170,12629,7170,11284,13091,12290,12622,12621,11186,13078,11214,8854,12296,9985,13032,12299,11274,13171,9553,7728,13074,12489,8833,4631,8845,11430
5601:9086,9084,8321,4632,9093,8812,13132,9104,9088,12491,13091,13072,8924,10790,13137,10114,11214,9102,8925,8395,9101,11274,8837,11212,13105,11281,11206,7162,11353,12297
5604:11356,9103,11352,11354,9095,8848,12351,12634,11211,8832,10001,13086,8395,11213,11269,11353,12180,12626,13128,11194,11145,9102,11270,11152,11206,11208,8926,13106,7728,11212
5607:9100,4622,4623,4624,4625,4626,4627,4628,4629,4630,4631,4632,4634,4635,4636,4637,4638,4639,4640,4641,4642,4643,5022,5023,5027,5034,7160,7161,7162,7163
5608:13106,13069,11272,13072,11273,7505,11271,11150,7500,11279,13095,9092,7514,8839,9083,10789,11277,12473,13024,12738,9549,13126,9540,13134,12299,12296,12293,12349,12294,8835
5622:12342,11273,13087,8780,12634,11269,13090,11351,9580,7501,12626,9099,12180,11205,9103,11212,13106,11213,11270,12440,12294,12303,8837,13069,7500,13027,11411,11354,11440,11356
5623:8837,7501,8840,9097,13057,13090,13087,13069,8855,11206,12294,11273,8395,8835,8846,9091,8844,7517,13017,11205,12342,11150,11411,12634,8393,9104,13083,12300,4625,10114
5624:11150,11273,13069,11272,7505,13174,7501,11271,13072,13106,7514,12294,9083,8393,13087,13090,9097,8846,13133,7169,7500,13175,9549,8395,11411,8837,12290,9540,11205,13134
5629:8837,8846,7501,11273,13087,13069,13057,8855,9091,8840,11150,12342,8847,9097,9104,11205,11411,13090,8844,11192,13088,11147,9089,13127,9580,12300,8780,11353,13061,13078
5635:13116,11284,9984,13134,11277,12296,12621,11279,8833,13091,13013,9083,8854,13014,12299,9090,11142,8778,12860,8785,8838,13017,13125,13172,13090,12489,9988,13095,9315,11286
5641:13116,11284,12621,13091,8833,12296,8854,13119,12631,12725,4631,12299,12622,11189,8901,11099,10793,9090,13052,13170,11272,9508,10112,13134,8929,8987,9083,10789,10786,9089
5646:9083,13091,13116,13087,12860,11284,9090,8854,12621,9089,12856,12296,11147,11281,13048,10114,4631,12299,13072,7501,8837,11188,13126,12622,11272,8833,13052,12631,11353,13134
5653:11801,11417,11415,11418,11419,11421,11734,11433,13061,11803,11427,11443,11428,11426,11423,13171,11429,11425,8391,11436,7174,8394,4629,11802,12350,7510,8388,11409,8329,7722
5654:11417,11415,11418,11419,11421,13061,11734,11433,11801,11803,13171,8834,7510,11427,11443,11802,10011,11423,11428,11426,7519,7305,7507,13096,7512,7520,7518,12183,7523,11429
5655:11417,11415,11418,11419,11421,13061,11433,11734,11801,11803,8834,12293,13171,11427,11443,11428,11426,11436,8329,11423,4641,8835,11425,7166,12299,4625,8321,12301,7510,11442
5658:11417,11415,11418,11419,11421,13061,11433,11734,11801,11803,13171,8834,7331,8321,11435,11447,4629,11427,11443,11442,11428,11431,11426,10011,11208,8329,11423,11436,11429,12474
5666:11426,11428,11423,11427,11443,11425,11429,7510,12350,9318,13038,9551,11206,11441,11436,8394,12293,7174,7526,11442,11418,11419,11421,12173,12174,12175,12176,12177,12178,11437
5671:11447,11431,11435,11414,11433,13104,9102,8809,12754,9989,7763,11423,13033,11427,11443,11425,11428,12293,11436,11426,11873,11429,11439,8894,11437,13058,4629,7510,7166,7501
5696:11430,7515,7524,12184,12185,12186,12187,12200,12201,12379,12380,7525,7526,7310,7516,7522,4634,7329,7331,7327,7171,4636,7508,4629,7504,4622,7164,7308,7528,12183
5708:7523,7519,7512,7520,7518,7305,7510,7327,7329,7526,11433,11418,11419,11421,7515,7524,12184,12185,12186,12187,12200,12201,12379,12380,11415,7304,11417,7525,7171,7165
5743:8329,11803,11802,11804,7511,11734,7305,7510,4622,4623,4624,4625,4626,4627,4628,4629,4630,4631,4632,4634,4635,4636,4637,4638,4639,4640,4641,4642,4643,5022
5745:7519,7512,7520,7305,7518,7510,7523,7304,7511,12758,13064,9020,11441,12474,7526,12727,13138,13071,8964,12741,12737,12188,12189,12190,12191,12192,12193,4629,10792,12739
5764:11417,11415,11418,11419,11421,11433,13061,11734,7310,7516,7522,7525,7523,11801,7515,7524,12184,12185,12186,12187,12200,12201,12379,12380,7171,11437,4636,7329,7508,7306
5779:7310,7516,7522,7525,7515,7524,12184,12185,12186,12187,12200,12201,12379,12380,7523,7329,7508,11437,7164,7308,7306,7327,7171,4636,7504,4634,4622,7528,7167,7309
5780:11807,11806,11871,7511,8964,11870,11925,11826,12439,8390,11873,4642,12469,11735,11732,11941,8329,11874,7174,11738,11940,12471,11734,8321,11801,9024,11804,8392,11802,11926
5781:11871,8329,8804,7511,11870,8964,8321,9023,9586,8390,10005,7763,13170,7174,12439,11873,4623,11414,4638,12182,7307,7165,11412,7330,11806,9990,8395,7164,7308,7168
5782:7511,8964,11871,8329,8390,12439,8321,7169,11414,9511,4623,11806,8395,8804,7517,7174,7307,11412,11807,11870,7305,10005,7763,7747,8393,11211,9024,9586,7163,13170
5783:7511,8964,7169,8390,7160,13115,11826,7510,12439,11210,13138,8395,7517,13100,11414,4632,12861,4623,11807,7163,9511,12626,8393,12183,7514,7307,7305,7724,11436,7728
5784:7511,8964,11871,11806,7174,8390,12439,9511,11414,11268,11826,7517,7305,7307,7747,13115,4623,11412,12732,13100,12626,11925,11807,8922,7507,12860,11425,12472,11803,11211
5785:7511,8964,8390,13100,12439,8395,11807,11280,11206,8393,7163,7517,7174,13043,5022,13138,12182,9511,11211,4623,4643,11871,11414,7164,7308,7514,12290,11806,7169,7330
5786:7511,8964,8390,12860,12439,11807,12856,11871,12864,13100,12473,10114,4631,8395,9988,7728,8393,7517,9511,7174,11436,8905,11206,9553,12183,9987,11147,11188,12182,12489
5787:7511,8964,12439,7174,8390,11806,11871,11807,11826,7517,11268,13100,13115,9511,7305,11414,7747,7173,13047,7163,8813,12626,4623,11280,12382,9024,7728,8922,8782,11412
5789:7511,8964,8390,7174,12439,13100,11280,12864,13115,11806,11807,12489,11442,8387,13047,11871,7168,8393,12301,11445,10783,8926,8963,12293,13032,12984,12173,12174,12175,12176
5794:10001,7511,8964,11926,7160,4632,13124,4635,8390,7505,7514,13060,13106,11430,4640,8794,9989,12473,8793,8918,7500,8393,8795,9092,7517,9511,11873,10006,12731,12439
5796:7511,8964,8390,12439,7174,11806,11807,13100,11280,11871,13115,13047,11268,7173,11826,7513,5022,11436,7165,5023,12293,12290,7728,12182,8832,8395,7501,7309,11414,10114
5797:7511,8964,8390,12439,13098,7168,11806,7513,7161,9090,11414,7722,9511,7517,7174,8395,4623,13135,11871,12626,8393,11206,7305,11425,9104,12437,7747,7763,13060,7307
5825:7328,13115,8838,9579,8921,12439,8855,9094,13033,9494,12490,4631,7523,7329,7327,7515,7524,12184,12185,12186,12187,12200,12201,12379,12380,7307,7508,4623,7525,7310
5826:7526,7310,7516,7522,7525,7307,7170,7328,13168,7515,7524,12184,12185,12186,12187,12200,12201,12379,12380,4634,7164,7308,7329,7508,4623,7523,9091,7327,7330,7171
5833:7310,7516,7522,7525,7329,7515,7524,12184,12185,12186,12187,12200,12201,12379,12380,7508,7523,4634,7327,7306,7167,7164,7308,7171,4636,7504,4622,7528,7309,12180
5834:7170,7330,4643,13168,8395,7525,7310,7516,7522,7515,7524,12184,12185,12186,12187,12200,12201,12379,12380,7309,7514,7329,7508,7327,7171,4636,7504,4634,4622,7164
5835:11417,11415,11418,11419,11421,13061,11433,11734,7168,7327,11801,7329,7515,7524,12184,12185,12186,12187,12200,12201,12379,12380,7164,7308,7528,7525,7310,7516,7522,11803
5838:7310,7516,7522,7525,7515,7524,12184,12185,12186,12187,12200,12201,12379,12380,7168,7514,7164,7308,7329,7508,7171,4636,7523,7504,7327,4634,4622,7528,7306,7328
5840:8843,9554,12475,9538,11803,11152,9029,11192,12293,7160,7327,13105,9828,7166,7329,4641,4625,11436,11270,8393,13067,13084,7309,11437,7505,12756,12303,4632,12299,12297
5842:7526,13168,7330,11141,12304,7307,7170,7171,4632,11209,7514,4625,7504,7164,7308,7166,4641,11360,9091,10111,7309,7515,7524,12184,12185,12186,12187,12200,12201,12379
5844:7310,7516,7522,7525,7528,7515,7524,12184,12185,12186,12187,12200,12201,12379,12380,7167,7329,7508,7306,7523,7504,7171,4643,7327,4636,4634,4622,7164,7308,11437
5846:7507,7503,9990,7161,4638,7328,7164,7308,7515,7524,12184,12185,12186,12187,12200,12201,12379,12380,7525,7310,7516,7522,13028,7504,7329,7171,7508,4636,7327,4634
5848:13023,13061,7503,4640,9990,7161,11734,7507,11270,4638,11144,8804,13104,13044,11415,11417,11418,11419,11421,12441,9548,10006,8809,11433,13033,12180,7330,11152,11437,8959
5849:13104,13023,4640,4625,13048,11447,7306,11435,7169,10110,11431,11414,11188,7165,12181,12475,7163,7161,12182,13105,4629,9492,7331,7327,7514,7330,7515,7524,12184,12185
5851:7503,13019,7161,9990,13028,13033,8834,7507,13075,13083,4638,9104,13066,13060,13076,13100,7330,13064,13035,13101,13074,13062,13078,7169,13034,11280,11206,8395,7170,7517
5852:13033,13083,13066,13019,13075,13060,13074,13076,13062,13101,13035,13034,9104,13079,9094,11280,8849,7168,13064,13078,13040,7330,7504,13008,13047,8834,7307,7515,7524,12184
5853:7503,7169,8835,12378,13090,13028,7501,11352,9990,9325,7160,4625,7171,7166,4641,4634,7309,7170,7517,7161,7510,9104,13123,7507,4638,7164,7308,13017,11147,7515
5855:7514,4640,7167,8395,4643,7528,4635,7163,7500,7515,7524,12184,12185,12186,12187,12200,12201,12379,12380,7162,11430,7525,7310,7516,7522,7171,4642,4636,7165,7306
5856:9091,11152,7514,13168,11273,11271,12622,8394,7501,7163,8839,11150,7500,13045,8395,7164,7308,7169,12182,13167,12620,12294,11427,11443,8847,12180,11423,11428,7510,12188
5884:7722,5034,8390,5027,10100,8387,12626,12355,7763,10116,7762,11414,11825,4632,10101,11806,11870,10099,9511,10103,7764,4623,10097,7517,12378,11412,10102,7305,11447,7307
5886:7310,7516,7522,7525,7515,7524,12184,12185,12186,12187,12200,12201,12379,12380,7523,7329,7508,7328,7306,7327,7171,4636,7504,4634,4622,7164,7308,7528,7167,7309
5887:7328,9579,8838,13115,7310,7516,7522,7525,7169,7515,7524,12184,12185,12186,12187,12200,12201,12379,12380,7329,7508,8921,7523,7171,4636,7327,7504,4634,4622,7164
5888:9548,7514,9097,7500,7515,7524,12184,12185,12186,12187,12200,12201,12379,12380,7525,7310,7516,7522,7329,7508,7171,7327,4636,7504,4634,4622,7164,7308,7528,7165
5889:7160,9100,7309,7166,4631,4625,4641,13071,12293,11152,13119,7515,7524,12184,12185,12186,12187,12200,12201,12379,12380,7306,11437,7165,12180,7171,12179,12183,7168,4636
5890:7163,13168,7517,12382,7167,4623,7525,7515,7524,12184,12185,12186,12187,12200,12201,12379,12380,7310,7516,7522,13123,7171,4636,7329,7526,7528,7508,7504,11437,12183
5894:9091,7501,7528,7517,7164,7308,9548,4623,7307,7162,7514,11425,9102,12471,7167,12182,7515,7524,12184,12185,12186,12187,12200,12201,12379,12380,7525,7165,11871,12179
5905:7309,7513,7310,7516,7522,7525,7515,7524,12184,12185,12186,12187,12200,12201,12379,12380,7329,7508,7328,7171,7523,4636,7504,7327,4634,4622,7164,7308,7528,7306
5907:7310,7516,7522,7525,7515,7524,12184,12185,12186,12187,12200,12201,12379,12380,7523,7329,7508,7306,7327,7171,4636,7504,4634,4622,7164,7308,7528,7167,7309,4635
5926:8779,8799,8808,8780,8775,8966,9664,8817,8798,11212,8895,8806,8796,8897,10794,12490,11210,12297,8900,11413,11099,8781,8901,9987,8776,11197,12492,11425,8389,12758
5930:8811,8793,8800,8812,9542,8792,8781,8791,8790,8783,11359,8780,12620,9534,12173,12174,12175,12176,12177,12178,12622,8782,12623,8788,9538,11413,8393,9551,5027,8805
5937:9541,8783,8811,8813,8900,9534,8791,8782,8805,9548,10102,8776,9540,8793,8785,11194,8790,9995,10787,13084,9551,8421,10792,4635,11359,8817,8797,7723,8923,9037
5940:12188,12189,12190,12191,12192,12193,9505,13138,9314,7507,13045,7511,4638,7161,9990,7503,11427,11443,7504,12737,11423,11425,12756,8964,8390,11428,7307,12732,12741,12490
5985:7512,7520,7519,7518,7305,7510,7523,7304,13064,9020,12758,13071,8795,11825,12293,4641,9497,7166,7328,12299,11447,8835,4625,12301,12297,11427,11443,8921,12296,13138
6016:4630,12864,9544,12755,11359,13050,8915,13061,11941,8782,9498,10789,12493,9994,8922,8422,12441,12745,9493,8929,8987,9490,10786,8901,8905,9672,9496,8918,12861,8921
6079:11268,12636,11149,7747,7170,12623,12489,12626,11152,12620,13131,12622,9099,12180,5022,12290,13138,9580,9828,11194,11269,13106,11211,13170,11213,13086,12634,9103,11151,11280
6094:11801,11802,11804,11873,11734,11803,8329,12471,11874,11738,11732,11735,9492,11870,9102,11941,11826,11940,12472,11825,12469,11807,11926,11824,4642,11871,8392,11806,11144,11925
6098:4622,4623,4624,4625,4626,4627,4628,4629,4630,4631,4632,4634,4635,4636,4637,4638,4639,4640,4641,4642,4643,5022,5023,5027,5034,7160,7161,7162,7163,7164
6112:13087,11214,8849,12342,11354,11273,11351,9099,11213,12294,9104,7501,13102,8844,13090,11352,9580,12729,13047,11269,10114,7728,13078,13074,8852,13129,8780,13084,11268,12622
6122:13071,12302,13101,7161,8851,9098,9102,8387,13030,9533,10110,13054,13174,13127,8787,9103,9325,10114,8395,7728,11206,11272,12300,7528,7162,7724,8780,8845,13122,8393
6135:11271,11150,11272,9083,11273,7514,9092,13106,12622,12290,13095,13072,11277,8839,8854,13024,13131,8395,9540,11408,13138,11211,9091,13069,13133,12182,13134,12620,11152,11284
6136:12723,12720,12722,12732,12741,12733,12440,12727,12730,12721,12739,12731,12738,12736,12728,11818,10792,12742,12737,12725,11826,7511,11410,11208,12753,12726,11824,9492,10103,11408
6151:8793,8783,9541,8790,9551,8791,8800,8788,8813,8781,8797,8792,8805,9533,8782,9540,8812,9542,8777,8811,8421,8817,8780,8900,11359,11194,9534,8918,8785,8922
6152:8783,8793,8811,9542,9541,11359,9551,9548,8813,8781,8797,8800,8805,11194,8812,9534,8790,8785,8791,8782,11940,8900,8817,8788,8422,10102,8780,9540,8792,9544
6155:13071,13054,12629,12343,8782,8855,13080,8329,12293,13069,8835,12290,8321,4641,10111,11871,12303,7728,8804,12299,5022,7330,12626,9549,11408,10114,12301,7166,12304,4625
6162:8786,8787,8790,12297,8775,11210,11408,11430,8796,8801,10116,7728,8395,11198,8960,11147,13121,11212,8793,8779,12491,8781,5022,8329,13138,12182,11440,8810,9507,11197
6163:4622,4623,4624,4625,4626,4627,4628,4629,4630,4631,4632,4634,4635,4636,4637,4638,4639,4640,4641,4642,4643,5022,5023,5027,5034,7160,7161,7162,7163,7164
6166:8790,8783,8791,8800,9541,8782,8788,8811,8780,8805,8792,8793,12636,8781,8777,8809,4622,4623,4624,4625,4626,4627,4628,4629,4630,4631,4632,4634,4635,4636
6168:9492,9504,8792,12623,12173,12174,12175,12176,12177,12178,8923,12619,12633,8958,11413,12194,12195,12196,12197,12198,12199,8916,8960,12618,8990,12721,9082,7728,5027,10116
6180:8792,8790,8800,9551,8788,8793,8782,8791,10102,8813,8812,8783,9541,8781,11940,8797,4622,4623,4624,4625,4626,4627,4628,4629,4630,4631,4632,4634,4635,4636
6185:5023,8832,5022,9583,10789,9582,8915,11280,10099,12439,9031,4641,10097,9672,12727,12739,8391,11807,9498,9827,12493,9579,7174,11818,10103,9101,11872,9020,8390,13028
6186:10006,8796,11430,8804,8777,8788,8809,12469,9314,11440,8783,8960,8786,8787,8800,12636,12472,8792,8790,8791,8808,12748,10116,7164,7308,8780,8779,9022,9025,9023
6188:8775,9664,12490,8792,11185,11413,8799,12858,12868,12297,8393,8895,11212,10102,10794,12173,12174,12175,12176,12177,12178,11440,8790,8777,10793,8806,12626,8810,9824,12726
6190:4622,4623,4624,4625,4626,4627,4628,4629,4630,4631,4632,4634,4635,4636,4637,4638,4639,4640,4641,4642,4643,5022,5023,5027,5034,7160,7161,7162,7163,7164
6195:4622,4623,4624,4625,4626,4627,4628,4629,4630,4631,4632,4634,4635,4636,4637,4638,4639,4640,4641,4642,4643,5022,5023,5027,5034,7160,7161,7162,7163,7164
6199:4622,4623,4624,4625,4626,4627,4628,4629,4630,4631,4632,4634,4635,4636,4637,4638,4639,4640,4641,4642,4643,5022,5023,5027,5034,7160,7161,7162,7163,7164
6206:7723,9098,8779,8808,8809,12722,8788,8799,9023,13174,11430,8780,8783,8804,9022,7175,8792,12636,8791,13127,8817,10006,11440,12302,8855,11926,8775,9988,11411,10116
6207:8329,8321,13170,8804,9586,12623,11871,9082,12173,12174,12175,12176,12177,12178,11870,10005,8393,12620,12871,9828,12622,9023,9511,8922,12194,12195,12196,12197,12198,12199
6213:12378,9316,9319,9082,9330,12634,9333,9320,11193,9328,9323,8960,9318,13172,13121,8959,7505,13088,11143,9020,9103,7724,11180,13054,8900,12347,11414,9511,10118,4623
6235:4622,4623,4624,4625,4626,4627,4628,4629,4630,4631,4632,4634,4635,4636,4637,4638,4639,4640,4641,4642,4643,5022,5023,5027,5034,7160,7161,7162,7163,7164
6258:8839,9330,12634,12378,13172,13121,9103,7501,13131,11211,12290,11193,12984,8963,12182,13138,12620,12622,9333,11408,7724,7505,5022,9984,13017,9099,12489,9316,8835,9580
6261:12755,8785,8900,9541,8811,12747,8790,4626,8813,9034,9037,8797,4624,9551,11195,11410,8775,4638,8928,12351,11411,8800,9996,10790,10102,8422,11142,8805,8793,9534
6267:8395,7528,4632,4643,4625,7164,7308,7515,7524,12184,12185,12186,12187,12200,12201,12379,12380,7162,12180,4639,7168,4627,12182,12179,12181,7167,7165,7514,11430,4641
6275:4622,4623,4624,4625,4626,4627,4628,4629,4630,4631,4632,4634,4635,4636,4637,4638,4639,4640,4641,4642,4643,5022,5023,5027,5034,7160,7161,7162,7163,7164
6276:9553,11148,13017,13092,8835,11206,13022,12489,13128,7517,13057,12351,12182,13029,13090,7724,13028,9325,13138,8839,11211,7728,13056,7503,11408,8393,13020,13064,9994,12290
6278:5022,9994,12489,9828,8922,8915,7728,13138,11408,11210,12759,12182,13174,9031,13131,11280,9996,11211,12469,8918,7724,12290,8989,9581,10116,8926,8839,11141,8832,9825
6284:4622,4623,4624,4625,4626,4627,4628,4629,4630,4631,4632,4634,4635,4636,4637,4638,4639,4640,4641,4642,4643,5022,5023,5027,5034,7160,7161,7162,7163,7164
6558:13069,7501,11150,9030,12489,12737,13174,12636,11411,8855,7724,11205,11272,11273,11147,9994,11149,13138,12720,9091,11192,13106,12732,8839,12733,7170,9548,12739,9031,11818
6659:9827,9988,9506,12871,8984,10784,9507,12868,9510,12869,12858,10791,4622,4623,4624,4625,4626,4627,4628,4629,4630,4631,4632,4634,4635,4636,4637,4638,4639,4640
6661:9510,9506,9827,9507,8984,10791,10784,12858,9988,9991,8896,12872,9990,12487,12182,9983,12871,11195,9985,9992,12181,12862,12484,9505,12860,9989,12481,9826,12755,12863
6730:13083,12294,13101,13074,11280,13033,13034,12188,12189,12190,12191,12192,12193,13087,13138,13102,9097,9104,13096,13079,13066,13064,8849,4638,13076,9094,11441,13019,8836,13017
6733:4622,4623,4624,4625,4626,4627,4628,4629,4630,4631,4632,4634,4635,4636,4637,4638,4639,4640,4641,4642,4643,5022,5023,5027,5034,7160,7161,7162,7163,7164
6734:4622,4623,4624,4625,4626,4627,4628,4629,4630,4631,4632,4634,4635,4636,4637,4638,4639,4640,4641,4642,4643,5022,5023,5027,5034,7160,7161,7162,7163,7164
6736:9087,13087,12294,13096,9097,8800,8836,13135,9104,4625,13039,7164,7308,7515,7524,12184,12185,12186,12187,12200,12201,12379,12380,8395,11437,4643,7330,13136,7514,7168
6785:9087,13087,12294,8800,9097,9104,13096,8836,13135,7514,7501,12290,4625,12182,7164,7308,12180,8395,12293,8835,7515,7524,12184,12185,12186,12187,12200,12201,12379,12380
6786:9087,13087,12294,9097,8800,4622,4623,4624,4625,4626,4627,4628,4629,4630,4631,4632,4634,4635,4636,4637,4638,4639,4640,4641,4642,4643,5022,5023,5027,5034
6787:13075,13074,13083,13062,13033,9094,13064,7724,8844,7169,13066,11280,12759,7722,13101,11210,13034,13078,13079,7728,12752,13076,7510,12751,12757,8963,12870,13019,13017,13035
6789:4622,4623,4624,4625,4626,4627,4628,4629,4630,4631,4632,4634,4635,4636,4637,4638,4639,4640,4641,4642,4643,5022,5023,5027,5034,7160,7161,7162,7163,7164
6791:8840,13078,8847,13100,13035,11319,11278,13086,8855,9034,13091,11144,9983,13090,7501,9084,13022,7728,11206,13057,13069,8835,9094,11411,7503,13087,8844,9104,11205,13088
6792:4622,4623,4624,4625,4626,4627,4628,4629,4630,4631,4632,4634,4635,4636,4637,4638,4639,4640,4641,4642,4643,5022,5023,5027,5034,7160,7161,7162,7163,7164
6794:8833,8845,12622,13170,13091,12621,13013,11284,8854,10112,12631,13017,13072,9083,9090,11272,9088,8835,11150,13022,13133,12296,9082,12290,8844,13090,13116,9096,13048,9325
6797:4622,4623,4624,4625,4626,4627,4628,4629,4630,4631,4632,4634,4635,4636,4637,4638,4639,4640,4641,4642,4643,5022,5023,5027,5034,7160,7161,7162,7163,7164
6862:4622,4623,4624,4625,4626,4627,4628,4629,4630,4631,4632,4634,4635,4636,4637,4638,4639,4640,4641,4642,4643,5022,5023,5027,5034,7160,7161,7162,7163,7164
6872:11273,13106,11150,11272,7501,7166,9083,9092,8963,11271,13069,12290,7514,12294,7500,12299,12296,8883,11279,8835,8855,11210,13024,9099,9580,12293,7505,8844,12300,4636
6876:12299,7166,12296,8835,12290,12293,8883,12300,12301,12302,12297,8963,11210,8843,12294,11273,4625,9083,4641,12303,7501,7309,9497,7160,4636,11272,13126,11286,9104,13116
6935:9096,9088,11284,13013,13134,9083,12621,11271,8846,12290,13133,12300,11281,11273,8833,13125,12622,13072,12296,11286,12299,10118,13090,11214,9825,13170,13139,13091,11272,13127
6946:13052,9083,13126,13072,11284,11272,4631,9540,12621,13133,12296,11271,12299,13091,11281,12631,7505,13106,10114,7166,4636,8963,8395,12489,13069,9089,13136,9508,12622,7528
6947:8854,13138,8839,11280,8833,9825,13131,11150,11148,12489,9091,12759,11272,12290,9994,11209,9083,11211,9983,12622,9092,7514,9984,13133,12984,13174,13170,11408,13116,12871
6950:4622,4623,4624,4625,4626,4627,4628,4629,4630,4631,4632,4634,4635,4636,4637,4638,4639,4640,4641,4642,4643,5022,5023,5027,5034,7160,7161,7162,7163,7164
6951:8839,11272,11150,11271,11273,13106,7514,9092,11277,7505,13069,7500,9083,13095,13072,13024,10789,11196,13126,12473,12738,12622,13134,11152,13017,12290,9540,8835,11279,12182
6962:11194,11359,11351,11192,11213,11276,9544,11269,7507,11191,12342,13169,11197,11195,11270,12303,11152,12304,8852,11354,9580,13122,12626,8776,11277,9103,11212,11430,12634,13038
6973:13123,13128,10796,12492,13125,13115,7167,13126,9094,12481,7174,7764,13127,12752,13122,7723,7746,13120,9989,8926,10098,13121,7330,8420,12479,4638,8918,13129,8923,9324
6997:7503,7161,9990,7507,4638,13028,11270,8838,13023,8422,11180,7501,7169,11441,7724,8395,7728,12634,12378,8393,12293,12301,12182,11430,9511,11214,8926,12290,8394,11206
7014:9672,13138,13131,12294,13175,8395,8793,12290,11209,8963,9086,9541,9540,11206,11408,11280,13139,9983,9325,8918,9996,9092,8393,12304,12759,11211,5022,13121,13114,8835
7018:7501,9104,4622,4623,4624,4625,4626,4627,4628,4629,4630,4631,4632,4634,4635,4636,4637,4638,4639,4640,4641,4642,4643,5022,5023,5027,5034,7160,7161,7162
7023:11284,13133,13134,9088,11271,9083,11281,13090,11214,13072,12621,11286,13091,4631,13014,13038,12296,12622,8963,12631,8833,13170,12378,12182,12299,9330,7728,11205,13034,13131
7024:7501,8837,13069,13087,13057,8846,8855,11150,8840,9097,9091,9086,9089,11147,11205,8926,13090,11273,12342,11411,9104,13078,9094,8847,11192,13174,11353,7728,8395,11351
7025:13134,11284,11271,9088,13133,11286,13090,11214,13014,9083,13048,13034,13038,11281,9825,13116,12622,13170,8833,13129,12621,9084,12631,12296,11141,13104,13125,13096,13091,12299
7028:13057,9553,8395,9985,11206,9097,12729,13090,11268,4625,7728,7517,7162,9094,7528,11430,12489,13017,10114,12180,9504,13125,12182,13083,12183,13029,4643,4622,8393,7168
7030:12300,9096,12290,9088,13133,13167,11273,12621,13136,8846,13139,11284,11281,8835,12299,8834,12296,4625,9825,11286,13137,7508,13135,12301,12294,12293,13092,13013,13102,12622
7031:9104,13087,7501,12299,8837,12296,8835,12293,8855,11273,13090,13069,9089,12290,12301,12302,12297,11411,12300,11205,13174,12294,8843,4625,8844,12303,13057,8846,13098,9097
7041:9096,8846,8849,13013,12300,11273,10118,13102,13125,12290,13030,12621,7508,9825,13139,13092,13167,9102,13127,8817,11319,11278,11360,9088,11337,8836,11276,12349,13135,13096
7058:8775,10100,10096,9511,11414,10101,10102,7517,7305,9551,8421,11871,9664,7747,8389,8779,10098,8792,8813,8799,9038,11818,7165,11804,8806,11412,12626,8387,8810,8782
7098:9583,11873,11802,8386,7172,12728,11409,12736,12437,9504,8965,8990,11412,13114,12439,9582,8957,13117,12738,12726,12749,9990,9581,4622,7174,8387,12731,11826,8388,12493
7100:8778,13121,12634,11194,12636,12626,8395,13138,12489,13086,8844,12294,11206,9541,12290,11149,8835,11268,11209,8926,12342,11145,11212,7728,12180,9511,13106,11152,12351,8393
7101:13029,13102,13017,13092,13080,13105,13096,13022,13090,13023,13100,13030,13044,13015,13052,12351,13018,8852,13009,11206,8844,13028,9021,13048,13057,13020,13025,7517,11148,13042
7104:12342,11273,12634,13069,13106,13087,7501,13086,7500,12180,8780,11269,8846,8395,8837,11351,12626,11205,8840,10114,9542,12294,11194,11213,9544,11354,11270,9083,8393,13072
7107:4622,4623,4624,4625,4626,4627,4628,4629,4630,4631,4632,4634,4635,4636,4637,4638,4639,4640,4641,4642,4643,5022,5023,5027,5034,7160,7161,7162,7163,7164
7246:11803,7304,8329,7500,7518,13106,8805,7514,12349,8817,11192,9322,11205,8800,11804,12756,9551,12472,8962,8797,10097,8905,13091,8795,8810,8780,8393,13080,11802,8959
7276:8394,12756,9322,12872,5022,5023,12188,12189,12190,12191,12192,12193,8832,4641,13138,8329,8391,8393,11430,12182,7327,10789,12180,12439,4623,12179,7501,11414,7305,7164
7285:8394,12756,9322,12872,5022,5023,8832,4641,11433,12182,7517,10789,11418,11419,11421,8391,7305,11427,11443,11441,7164,7308,9511,11414,12180,11415,4623,11430,7501,7510
7339:11418,11419,11421,11415,11417,11433,11734,11801,13061,11803,8834,8321,11427,11443,11425,11428,11414,12471,8329,7305,11426,4629,7517,11436,7511,11423,7510,11206,11207,7518
7345:11427,11443,11428,11423,11426,11425,11429,7510,7511,8964,11442,12439,11439,8390,4629,10783,10001,7174,11436,4635,8321,4632,11445,11437,7160,7747,11409,8394,11440,4623
7346:11427,11443,11428,11426,11423,11425,11429,7510,10783,11442,11439,7747,11445,10794,11440,9551,7518,10792,7304,9500,7305,7511,7519,12476,8964,7512,7520,4629,12350,8321
7360:10783,11439,11442,7747,11445,10794,11440,11826,12476,8964,7511,10792,9500,7722,7174,11806,11871,8390,12439,11436,11807,11414,11824,12469,5022,4623,11437,12471,7728,9511
7382:13122,13124,11337,12752,9989,8420,8918,4640,13121,9586,12489,4624,4638,10006,12984,12488,4626,10118,12304,9996,13138,12481,4628,10114,9507,11410,7511,10098,11873,11408
7529:4626,4640,4622,4634,4624,11412,11423,4639,7523,11425,7172,10794,7515,7524,12184,12185,12186,12187,12200,12201,12379,12380,4638,4635,7307,11429,4623,7525,8421,7310
7538:7503,9990,7161,7507,4638,11270,13028,13023,7504,8838,7307,11152,7508,12180,7515,7524,12184,12185,12186,12187,12200,12201,12379,12380,8422,7164,7308,7169,7525,7165
7544:13120,13171,11276,9099,11152,11277,12620,13169,13170,13119,9580,13121,9984,12622,9100,7160,11213,12290,13167,8845,9095,11430,11408,11319,11211,11273,11280,8839,12623,9825
7545:13121,11149,13131,12623,12489,13138,13170,12290,12759,11211,9099,12636,12620,11268,7170,10116,11408,9103,11194,13064,7747,9091,11280,9317,12304,5022,8963,12472,12182,12622
7550:8835,11206,8395,11279,12290,13069,11286,8844,9092,12299,11207,13072,8843,11271,9325,12296,12293,7514,8393,4643,12301,12294,11278,4625,13138,13017,7160,8794,7163,12300
7551:9086,9093,12290,11211,13017,8835,9088,11408,12620,8845,12472,8844,5022,11206,13170,9092,9825,13131,12182,7501,10790,9091,12622,9099,8963,8321,12623,9553,11210,12469
7553:12860,9988,12856,9315,8838,11147,9099,11179,11352,12485,9827,12862,11188,12863,9987,12869,9983,8905,12868,11196,11353,8800,13167,11193,12482,8899,13064,12872,13125,12473
7555:13170,9586,12182,8329,5022,12290,11408,8835,12469,7164,7308,9580,8321,11211,11430,12620,7514,13131,13121,4641,9984,7501,13167,7167,8963,4625,12623,12181,13017,9022
7556:9586,8329,9023,8804,8321,11870,7763,11871,13170,10005,9082,12871,11187,13072,13018,13023,4622,4623,4624,4625,4626,4627,4628,4629,4630,4631,4632,4634,4635,4636
7557:9022,9028,12248,9580,12865,9024,12182,9510,11408,11193,5022,13131,12290,11802,12623,7510,8835,7164,7308,12179,12620,9553,11430,13138,12633,8394,7172,12181,12469,12622
7559:4622,4623,4624,4625,4626,4627,4628,4629,4630,4631,4632,4634,4635,4636,4637,4638,4639,4640,4641,4642,4643,5022,5023,5027,5034,7160,7161,7162,7163,7164
7561:9099,12620,8839,11408,9825,13170,13167,12472,12290,8833,9580,9984,11211,12622,13131,13121,12759,12469,13171,12623,8787,13017,11273,9091,8851,5022,11150,11276,11277,12182
7593:8895,8799,8806,8966,8779,11940,9664,10794,12868,9579,12858,13114,10102,11185,11413,9551,8776,9824,8780,13128,11212,13027,12490,9083,12759,8800,10098,8900,8775,4642
7598:5034,8387,8390,7722,5027,10116,12626,8392,11825,4622,10099,7168,7167,11430,7515,7524,12184,12185,12186,12187,12200,12201,12379,12380,7165,11437,7171,7172,7525,4641
7602:10101,10103,10100,8387,11825,5034,8390,10097,5027,8919,12626,8392,11806,9036,9493,10116,7722,8389,8929,8987,7165,10786,9496,8991,8996,10099,9986,8775,9994,9512
7642:7171,7523,7304,8776,7528,7508,7514,11429,7330,4634,7500,7515,7524,12184,12185,12186,12187,12200,12201,12379,12380,12179,7525,7162,7518,11430,7310,7516,7522,7167
7643:7331,11433,7168,7523,11414,7519,7512,7520,11206,7305,11447,11418,11419,11421,12755,11415,11417,7518,7330,11431,11435,7503,7507,7161,9990,4638,7510,7174,4626,11411
7657:7330,11874,8776,11804,7723,8781,11941,11926,11357,13030,11825,8809,7167,7309,13048,7166,11430,4641,4625,8788,12738,13168,7503,4642,4640,7515,7524,12184,12185,12186
7775:12868,11210,11147,11212,12860,12297,8801,8809,9507,11211,8775,9511,8838,9664,11430,11425,12492,13132,8922,9826,11196,12626,12872,12856,8779,10794,8790,8786,11193,8926
8086:10110,9103,13125,11186,13131,11211,12472,8845,13172,12290,8851,9099,13017,8963,13092,8835,13024,13064,12633,12620,9102,12618,13030,7501,9984,11408,9983,10116,8848,4631
8206:8984,9507,9506,9827,8896,10784,9510,9991,9988,12858,12871,12487,12755,10791,9990,12484,12872,9992,12870,12868,12752,9826,11195,12483,9989,12855,9983,12182,12857,9985
8241:9028,9022,12248,9580,9024,12865,11430,9985,9030,13080,11193,11802,7167,7517,9511,4622,4623,4624,4625,4626,4627,4628,4629,4630,4631,4632,4634,4635,4636,4637
8242:12489,11149,8989,12636,7747,12623,8960,7170,8782,11151,8790,13131,8793,5022,12737,10116,8390,9082,12441,9510,8922,8916,13174,8915,9992,8800,7723,13138,7728,11408
8243:8989,9031,12489,12479,9828,12343,13114,9994,11280,9988,7728,8854,8922,12871,8926,9983,8891,11152,7723,13138,12182,11145,9991,10791,9985,8839,9553,11408,13174,7724
8244:13121,13131,10791,13138,8778,10116,4637,10796,12489,9994,5022,12290,10114,12759,4643,12182,11209,9028,9580,11280,11211,9986,8922,9995,10787,11408,11152,12304,11268,8963
8245:12865,12248,9510,12863,9828,12872,9827,12182,12489,9022,9025,9991,9985,12181,9032,9994,13138,12860,12179,8922,9580,13014,12871,12719,11148,12732,9505,10794,10791,7724
8246:12732,9510,12719,12179,13131,5022,7746,9828,13138,9983,10116,11211,12290,5023,9021,7722,9511,9034,7517,8835,7724,9320,8832,9031,4641,12301,8960,12248,9025,7747
8248:13035,13076,13060,13074,13019,8849,13102,13062,13079,13008,13083,13034,11352,13033,13066,13075,13017,13040,13018,13090,13082,9094,9104,13043,13078,13057,13100,13064,8843,13022
8428:13131,12618,12633,13167,13138,12290,12619,9096,11099,10116,12623,12620,11268,9825,8846,12622,11148,12472,11273,9099,13117,11408,11280,11434,8386,12469,13124,13170,12182,11211
8440:7501,11208,12293,8855,12299,12300,12296,8835,12297,11273,9104,12290,12301,4625,8844,12294,11205,8817,12302,11411,12303,11192,4641,7166,13090,8805,12471,8843,13087,11207
8442:4622,4623,4624,4625,4626,4627,4628,4629,4630,4631,4632,4634,4635,4636,4637,4638,4639,4640,4641,4642,4643,5022,5023,5027,5034,7160,7161,7162,7163,7164
8445:13069,11271,13072,11150,13095,9083,11272,13106,11273,7514,9092,11279,7500,7505,9540,13134,8395,9549,12738,12473,9090,8839,11206,8854,10789,13024,11277,13135,12634,13126
8446:11150,10112,9672,13058,9083,13048,11281,13087,11284,13091,8842,9540,13072,9090,4631,11276,12296,8395,13052,12299,7528,7501,12621,11272,7162,12622,8837,10114,12180,13043
8448:9672,12303,11150,8842,13060,12299,12293,4625,7166,4641,8835,12297,7309,12296,12301,12302,8843,13098,8395,11279,12300,13058,7168,7514,7330,12290,9100,12294,11286,11207
8454:8846,11273,7501,13087,9580,9091,12342,11205,9099,11192,12290,13127,9104,11411,11147,8840,11150,11351,8963,12300,13090,8844,9096,8837,13174,8855,13129,9097,8780,8817
8504:7160,11273,4632,12290,12299,12296,7514,13106,13131,8835,12293,12300,7500,12301,7501,12622,11271,7169,13138,12294,12633,4641,7505,10001,12182,8839,12618,9996,13091,13167
8507:7501,13087,11205,12342,11273,13057,9580,8837,8847,8844,13090,9099,11411,11192,9091,8840,8855,9104,13069,11351,8846,11150,13127,8780,9097,13088,13078,12180,13115,9023
8593:9824,12489,9553,8926,9031,9985,12482,12483,11337,4628,9826,9504,5022,12856,12290,12182,11408,10114,12486,12871,12487,8835,12860,9510,9828,11186,12620,9988,12623,10791
8635:8778,13124,11280,13138,13131,12633,12489,11152,12618,7507,10793,10116,12343,11149,13114,9332,12619,7728,13117,12636,11194,12297,10791,11941,7170,7747,8790,13017,8386,12741
8659:8990,8965,12745,8958,8957,9508,8906,8919,9504,11412,11873,12749,8921,9494,8387,8929,8987,10785,10786,9496,9502,8991,8996,9493,8918,8924,9583,9332,8959,9672
8670:12474,12757,12470,11207,9492,12471,8321,4629,13088,12747,12742,10785,12438,10105,12441,8959,9992,9500,10106,8923,11208,4638,10792,8957,12725,9505,12476,12473,8781,9508
